0 0.8554 0.44631073785242953 0.0352 0.057588482303539294
0 0.8518 0.29154169166166766 0.032 0.04019196160767846
0 0.8788 0.1967606478704259 0.0344 0.04439112177564487
0 0.9776 0.1886622675464907 0.0412 0.10917816436712657
0 0.3982 0.40011997600479904 0.0688 0.11997600479904019
0 0.9062 0.10017996400719856 0.0348 0.046790641871625675
0 0.9786 0.0623875224955009 0.0312 0.08158368326334733
0 0.8978 0.021295740851829635 0.0656 0.04259148170365927
0 0.8024 0.1970605878824235 0.086 0.16256748650269945
0 0.6176 0.4814037192561488 0.0168 0.03839232153569286
0 0.5892 0.4316136772645471 0.0424 0.13797240551889622
0 0.6128 0.3557288542291542 0.0336 0.03959208158368326
0 0.6964 0.46220755848830236 0.0532 0.06598680263947211
0 0.731 0.3977204559088182 0.0528 0.07018596280743851
0 0.7108 0.355128974205159 0.0284 0.026394721055788842
0 0.736 0.3437312537492502 0.0204 0.038992201559688064
0 0.7672 0.35452909418116374 0.0208 0.028194361127774445
0 0.7576 0.3194361127774445 0.0176 0.032993401319736056
0 0.7216 0.2558488302339532 0.0364 0.05458908218356329
0 0.8202 0.5461907618476305 0.0952 0.14757048590281943
0 0.8392 0.7018596280743852 0.1024 0.11217756448710257
0 0.816 0.8869226154769047 0.0764 0.09778044391121776
0 0.8328 0.8047390521895621 0.0188 0.033593281343731254
0 0.882 0.8308338332333534 0.0372 0.0593881223755249
0 0.9122 0.7540491901619676 0.0316 0.05878824235152969
0 0.9854 0.8320335932813437 0.0292 0.08278344331133773
0 0.9462 0.616376724655069 0.0652 0.11697660467906419
0 0.9276 0.5632873425314937 0.0192 0.027594481103779243
0 0.989 0.44991001799640074 0.022 0.1859628074385123
0 0.9966 0.34673065386922614 0.0068 0.07618476304739052
0 0.8704 0.36322735452909416 0.034 0.0635872825434913
1 0.983 0.017996400719856028 0.034 0.035992801439712056
1 0.0422 0.5362927414517097 0.0844 0.09538092381523695
1 0.0716 0.48410317936412717 0.1432 0.12837432513497302
0 0.7658 0.09508098380323936 0.0772 0.14097180563887224
0 0.6764 0.02009598080383923 0.058 0.04019196160767846
0 0.6562 0.2438512297540492 0.0344 0.09478104379124175
0 0.6584 0.17816436712657469 0.0376 0.09598080383923216
0 0.6158 0.23395320935812838 0.034 0.041991601679664065
0 0.6176 0.10617876424715057 0.0348 0.04559088182363527
0 0.5664 0.13767246550689863 0.09 0.14637072585482905
0 0.5334 0.03269346130773845 0.1204 0.0653869226154769
0 0.4638 0.21265746850629874 0.082 0.14517096580683864
0 0.396 0.2705458908218356 0.0332 0.041391721655668866
0 0.305 0.30293941211757647 0.0392 0.03179364127174565
0 0.3168 0.2693461307738452 0.0328 0.03179364127174565
0 0.3732 0.1778644271145771 0.0388 0.08458308338332333
0 0.3878 0.08428314337132574 0.0404 0.08938212357528494
0 0.3286 0.009298140371925615 0.0428 0.01859628074385123
0 0.3212 0.15866826634673065 0.0696 0.09478104379124175
0 0.251 0.21175764847030593 0.0828 0.1271745650869826
0 0.2226 0.367126574685063 0.0424 0.06778644271145771
0 0.2314 0.4268146370725855 0.046 0.052189562087582485
0 0.215 0.4568086382723455 0.02 0.03959208158368326
0 0.3636 0.7843431313737252 0.0676 0.1277744451109778
0 0.321 0.6793641271745651 0.0736 0.10317936412717456
0 0.3168 0.792741451709658 0.0104 0.015596880623875225
0 0.3024 0.7714457108578284 0.0124 0.022195560887822437
0 0.2848 0.7498500299940012 0.0084 0.021595680863827234
0 0.2544 0.6916616676664668 0.02 0.026994601079784044
0 0.182 0.5542891421715657 0.0236 0.03539292141571686
0 0.1684 0.7546490701859628 0.0356 0.04439112177564487
0 0.1674 0.7969406118776244 0.022 0.04439112177564487
0 0.2166 0.9247150569886022 0.018 0.017996400719856028
0 0.182 0.9709058188362327 0.0356 0.05818836232753449
0 0.1324 0.8995200959808038 0.0396 0.0635872825434913
0 0.0328 0.889622075584883 0.0656 0.09538092381523695
0 0.0596 0.8005398920215957 0.082 0.122375524895021
0 0.0778 0.7198560287942412 0.0704 0.10557888422315537
0 0.0076 0.5596880623875224 0.0152 0.013797240551889621
0 0.003 0.5068986202759448 0.006 0.02399520095980804
0 0.1048 0.5182963407318536 0.0392 0.05638872225554889
0 0.052 0.48680263947210556 0.0264 0.028794241151769647
0 0.043 0.4511097780443911 0.0324 0.03659268146370726
0 0.1498 0.3659268146370726 0.0324 0.05098980203959208
0 0.1412 0.3179364127174565 0.0216 0.035992801439712056
0 0.0478 0.3170365926814637 0.0956 0.08278344331133773
0 0.0846 0.2798440311937612 0.0324 0.04019196160767846
0 0.0742 0.15626874625074985 0.0332 0.04379124175164967
0 0.0116 0.18266346730653868 0.0232 0.1757648470305939
0 0.0116 0.0626874625074985 0.0232 0.04619076184763048
0 0.0756 0.06598680263947211 0.0948 0.13197360527894422
0 0.1178 0.033593281343731254 0.1096 0.06718656268746251
0 0.446 0.5119976004799041 0.0744 0.1331733653269346
0 0.3748 0.5911817636472706 0.0924 0.1349730053989202
0 0.3196 0.5794841031793642 0.024 0.029394121175764846
0 0.2986 0.5551889622075585 0.0172 0.022795440911817635
0 0.3118 0.4205158968206359 0.0312 0.03659268146370726
0 0.3414 0.41721655668866225 0.0156 0.02399520095980804
0 0.6708 0.9277144571085782 0.0184 0.026394721055788842
0 0.583 0.9040191961607679 0.0408 0.08578284343131373
0 0.5504 0.8605278944211158 0.0196 0.03059388122375525
0 0.6588 0.7276544691061788 0.0308 0.04919016196760648
0 0.5542 0.6682663467306539 0.0368 0.06718656268746251
0 0.573 0.5419916016796641 0.0596 0.05398920215956809
1 0.7308 0.27864427114577084 0.114 0.20635872825434912
1 0.562 0.3887222555488902 0.1584 0.28314337132573486
0 0.4564 0.3587282543491302 0.0332 0.04019196160767846
0 0.4958 0.4175164967006599 0.024 0.05698860227954409
0 0.5376 0.44211157768446313 0.0584 0.1235752849430114