0 0.5752314814814815 0.04898313492063492 0.04662698412698413 0.034722222222222224
0 0.9859457671957672 0.07936507936507936 0.028108465608465607 0.019593253968253968
0 0.8511904761904762 0.13727678571428573 0.07473544973544974 0.03720238095238095
0 0.8606150793650794 0.2092013888888889 0.07473544973544974 0.047867063492063495
0 0.5985449735449735 0.1779513888888889 0.046957671957671955 0.030753968253968252
0 0.7336309523809523 0.2544642857142857 0.049933862433862435 0.031746031746031744
0 0.9479166666666666 0.3385416666666667 0.10416666666666667 0.07738095238095238
0 0.6625330687830688 0.3709077380952381 0.22288359788359788 0.1259920634920635
0 0.5676256613756614 0.3108878968253968 0.20238095238095238 0.11830357142857142
0 0.45453042328042326 0.3776041666666667 0.021494708994708994 0.0220734126984127
0 0.6144179894179894 0.4986359126984127 0.10251322751322751 0.12152777777777778
0 0.7680224867724867 0.501984126984127 0.03835978835978836 0.03149801587301587
0 0.9742063492063492 0.5183531746031746 0.051587301587301584 0.044890873015873016
0 0.9930555555555556 0.5719246031746031 0.013888888888888888 0.04563492063492063
0 0.8693783068783069 0.6623263888888888 0.07341269841269842 0.034722222222222224
0 0.6845238095238095 0.6044146825396826 0.028108465608465607 0.019593253968253968
0 0.7235449735449735 0.7203621031746031 0.026455026455026454 0.019345238095238096
0 0.9133597883597884 0.8318452380952381 0.1531084656084656 0.0798611111111111
0 0.8840939153439153 0.8818204365079365 0.04497354497354497 0.021081349206349208
0 0.56630291005291 0.6804315476190477 0.022817460317460316 0.018353174603174604
0 0.44328703703703703 0.8225446428571429 0.016865079365079364 0.011408730158730158
0 0.4398148148148148 0.8343253968253969 0.022486772486772486 0.01636904761904762
0 0.3941798941798942 0.7710813492063492 0.016534391534391533 0.015873015873015872
0 0.2701719576719577 0.7328869047619048 0.03736772486772487 0.0597718253968254
0 0.21841931216931218 0.7420634920634921 0.06117724867724868 0.036458333333333336
0 0.1583994708994709 0.7188740079365079 0.045304232804232805 0.023065476190476192
0 0.07886904761904762 0.7635168650793651 0.06845238095238096 0.03521825396825397
0 0.03505291005291005 0.6514136904761905 0.04861111111111111 0.024553571428571428
0 0.06828703703703703 0.6812996031746031 0.10052910052910052 0.060267857142857144
0 0.004464285714285714 0.7524801587301587 0.008928571428571428 0.015128968253968254
0 0.08482142857142858 0.8280009920634921 0.015873015873015872 0.009672619047619048
0 0.2951388888888889 0.6204117063492064 0.11772486772486772 0.04861111111111111
0 0.08151455026455026 0.5302579365079365 0.10648148148148148 0.07118055555555555
0 0.03720238095238095 0.5608878968253969 0.028108465608465607 0.01314484126984127
0 0.007771164021164021 0.5980902777777778 0.015542328042328041 0.014136904761904762
0 0.12996031746031747 0.4722222222222222 0.054563492063492064 0.04836309523809524
0 0.16385582010582012 0.494171626984127 0.018849206349206348 0.015376984126984126
0 0.013392857142857142 0.4351438492063492 0.02513227513227513 0.021577380952380952
0 0.009259259259259259 0.3509424603174603 0.018518518518518517 0.07514880952380952
0 0.15906084656084657 0.3689236111111111 0.02017195767195767 0.023065476190476192
0 0.1701388888888889 0.18836805555555555 0.11276455026455026 0.18501984126984128
0 0.028273809523809524 0.20498511904761904 0.037698412698412696 0.04141865079365079
1 0.4373346560846561 0.44481646825396826 0.18716931216931218 0.1922123015873016
1 0.44477513227513227 0.6119791666666666 0.2605820105820106 0.1636904761904762
1 0.7728174603174603 0.5851934523809523 0.37863756613756616 0.20510912698412698
1 0.29811507936507936 0.7387152777777778 0.11210317460317461 0.11607142857142858
1 0.4353505291005291 0.8029513888888888 0.19014550264550265 0.14384920634920634
1 0.37648809523809523 0.5182291666666666 0.5089285714285714 0.4007936507936508