1 0.24348880597014924 0.316313202247191 0.31890391791044775 0.42985955056179775
1 0.21978544776119405 0.5463412921348315 0.39000932835820895 0.876938202247191
1 0.4193703358208955 0.5099648876404494 0.27671175373134327 0.8127036516853933
1 0.6190158582089552 0.38856039325842695 0.37635727611940295 0.6022682584269663
1 0.706473880597015 0.19805477528089885 0.5311986940298508 0.3745294943820225
1 0.6243936567164179 0.029683988764044947 0.3555690298507463 0.059360955056179776
1 0.4752845149253731 0.022127808988764045 0.0630830223880597 0.04425561797752809
1 0.45162779850746265 0.017808988764044943 0.025806902985074626 0.035617977528089886
1 0.4304804104477612 0.01565308988764045 0.020788246268656718 0.03129915730337079
1 0.4021641791044776 0.019431179775280902 0.040144589552238805 0.038855337078651686
1 0.25663712686567164 0.025905898876404494 0.3025186567164179 0.05180477528089887
0 0.22796641791044775 0.009712078651685394 0.025806902985074626 0.019431179775280902
0 0.4222341417910448 0.06799859550561797 0.04301305970149254 0.06476123595505617
0 0.7480550373134328 0.007015449438202247 0.032257462686567165 0.014030898876404494
0 0.21792910447761193 0.46896769662921345 0.02150652985074627 0.026980337078651686
0 0.4981389925373134 0.8834129213483146 0.010335820895522388 0.031116573033707868
0 0.1511847014925373 0.937872191011236 0.0267910447761194 0.02247191011235955