0 0.9826554232804233 0.016104497354497354 0.03468915343915344 0.03220899470899471
0 0.8228769841269842 0.11336640211640212 0.09059193121693121 0.06316137566137567
0 0.8203108465608465 0.19080026455026455 0.04495701058201058 0.03269510582010582
0 0.9075363756613756 0.17886243386243386 0.042159391534391535 0.04237764550264551
0 0.9103339947089947 0.2689914021164021 0.03786044973544973 0.0445271164021164
0 0.8833366402116403 0.40181878306878305 0.0406547619047619 0.047754629629629626
0 0.9720535714285714 0.3974107142857143 0.05589616402116402 0.059583333333333335
0 0.9781977513227513 0.4842063492063492 0.027748015873015872 0.05334656084656084
0 0.9792757936507936 0.570787037037037 0.03119047619047619 0.0483994708994709
0 0.7163161375661375 0.4276256613756614 0.2063425925925926 0.1936375661375661
0 0.8185482804232804 0.6165707671957672 0.24146825396825397 0.23588293650793649
0 0.9801388888888889 0.7635548941798941 0.03972222222222222 0.03068452380952381
0 0.88682208994709 0.7565145502645502 0.06452380952380952 0.04140542328042328
0 0.885244708994709 0.8462599206349207 0.12147817460317462 0.07923611111111112
0 0.8811474867724868 0.9403108465608465 0.022066798941798943 0.021438492063492062
0 0.7662896825396827 0.988125 0.04791997354497354 0.023749999999999997
0 0.6126521164021165 0.9856018518518519 0.15426587301587302 0.028792989417989415
0 0.661412037037037 0.942308201058201 0.04917989417989418 0.05275462962962963
0 0.5807076719576719 0.4937996031746032 0.03741071428571428 0.02122685185185185
0 0.5777910052910052 0.4127248677248677 0.021732804232804232 0.021048280423280424
0 0.5024074074074074 0.37005621693121693 0.04438492063492063 0.04781415343915344
0 0.5801951058201058 0.30187830687830686 0.06268518518518519 0.05101851851851852
0 0.49645833333333333 0.03317460317460317 0.15602843915343914 0.06634589947089947
0 0.3038227513227513 0.036491402116402116 0.04895833333333334 0.07298280423280423
0 0.25973544973544976 0.1003207671957672 0.06300925925925925 0.062457010582010586
0 0.36824735449735446 0.10970238095238095 0.0585681216931217 0.07527116402116402
0 0.36927579365079366 0.18015873015873016 0.06154100529100529 0.08257275132275133
0 0.30373015873015874 0.2531481481481481 0.05079034391534391 0.07206679894179895
0 0.19236111111111112 0.3258664021164021 0.16371362433862433 0.14703373015873017
0 0.4320568783068783 0.5139616402116403 0.06977843915343915 0.07709986772486772
0 0.31263227513227515 0.6316699735449736 0.0272255291005291 0.031570767195767194
0 0.198125 0.6830324074074073 0.0329431216931217 0.04964616402116402
0 0.18577050264550263 0.7588723544973545 0.029285714285714286 0.04072420634920635
0 0.2430820105820106 0.8341435185185184 0.02814153439153439 0.041636904761904764
0 0.4870866402116402 0.9368650793650793 0.04759920634920635 0.02974206349206349
0 0.11543650793650793 0.9377314814814814 0.07254298941798942 0.10392195767195767
0 0.14335978835978835 0.5260813492063492 0.03396825396825397 0.03771164021164022