0 0.8989130434782608 0.9710286458333334 0.019130434782608695 0.026692708333333332
0 0.5669565217391305 0.6324869791666666 0.008695652173913044 0.009114583333333334
0 0.3706521739130435 0.515625 0.05782608695652174 0.125
0 0.4147826086956522 0.24283854166666666 0.01217391304347826 0.021484375
0 0.5345652173913044 0.2639973958333333 0.04739130434782609 0.2662760416666667
0 0.7447826086956522 0.030924479166666668 0.019130434782608695 0.061848958333333336
0 0.8091304347826087 0.4446614583333333 0.10130434782608695 0.2747395833333333
0 0.9928260869565217 0.9267578125 0.014347826086956521 0.022135416666666668
0 0.175 0.2991536458333333 0.021304347826086957 0.024088541666666668
0 0.15195652173913043 0.4684244791666667 0.021304347826086957 0.027994791666666668
0 0.06956521739130435 0.5032552083333334 0.008695652173913044 0.037109375
0 0.0541304347826087 0.7014973958333334 0.015217391304347827 0.022786458333333332
0 0.006304347826086957 0.8499348958333334 0.012608695652173913 0.05078125
0 0.26304347826086955 0.4104817708333333 0.05521739130434783 0.12434895833333333
0 0.21 0.2542317708333333 0.07173913043478261 0.11393229166666667
0 0.15521739130434783 0.07356770833333333 0.029565217391304348 0.043619791666666664
0 0.07760869565217392 0.026692708333333332 0.04608695652173913 0.049479166666666664
0 0.030434782608695653 0.20345052083333334 0.025217391304347827 0.08072916666666667
0 0.3134782608695652 0.014322916666666666 0.03260869565217391 0.028645833333333332
0 0.33065217391304347 0.13639322916666666 0.03130434782608696 0.0703125
0 0.23695652173913043 0.7320963541666666 0.010869565217391304 0.017578125
0 0.3691304347826087 0.6969401041666666 0.01 0.018229166666666668
0 0.31326086956521737 0.8564453125 0.013043478260869565 0.0234375
0 0.413695652173913 0.9622395833333334 0.01391304347826087 0.024739583333333332
0 0.5695652173913044 0.8040364583333334 0.013478260869565217 0.020833333333333332
0 0.5932608695652174 0.8424479166666666 0.014347826086956521 0.020833333333333332
0 0.7710869565217391 0.90625 0.01652173913043478 0.020182291666666668