0 0.2446 0.23569405099150142 0.1664 0.19943342776203965
0 0.1888 0.4271954674220963 0.1028 0.13711048158640227
0 0.1706 0.6662889518413597 0.128 0.14277620396600565
0 0.3258 0.7770538243626063 0.1448 0.1263456090651558
0 0.306 0.6577903682719547 0.1264 0.13371104815864024
0 0.2596 0.5419263456090652 0.1512 0.15070821529745043
0 0.2778 0.43201133144475923 0.0968 0.1048158640226629
0 0.3866 0.1320113314447592 0.1064 0.1206798866855524
0 0.5212 0.1696883852691218 0.088 0.09801699716713881
0 0.473 0.3314447592067989 0.1408 0.19093484419263457
0 0.3768 0.47422096317280454 0.0952 0.0906515580736544
0 0.414 0.5747875354107649 0.1 0.12691218130311616
0 0.4284 0.6963172804532578 0.1128 0.12181303116147309
0 0.5128 0.6271954674220963 0.1108 0.12521246458923513
0 0.5656 0.7031161473087819 0.1168 0.10424929178470255
0 0.6152 0.541643059490085 0.0972 0.11614730878186968
0 0.5786 0.43059490084985835 0.1036 0.12861189801699716
0 0.6308 0.3342776203966006 0.1176 0.11331444759206799
0 0.5982 0.2405099150141643 0.09 0.115014164305949
0 0.771 0.3623229461756374 0.1636 0.16543909348441926
0 0.6788 0.4288951841359773 0.0908 0.09121813031161473
0 0.7296 0.5263456090651558 0.0992 0.11841359773371105
0 0.8292 0.4985835694050991 0.1092 0.1546742209631728
0 0.8528 0.6634560906515581 0.1104 0.1461756373937677
0 0.709 0.6679886685552407 0.138 0.18356940509915015