0 0.1736 0.07413333333333333 0.0244 0.03253333333333333
0 0.2238 0.10666666666666667 0.0304 0.028266666666666666
0 0.1454 0.15146666666666667 0.02 0.0176
0 0.0496 0.14986666666666668 0.01 0.0144
0 0.0382 0.15893333333333334 0.0096 0.013333333333333334
0 0.0274 0.16933333333333334 0.0096 0.0096
0 0.029 0.19146666666666667 0.01 0.016
0 0.0234 0.244 0.0088 0.016533333333333334
0 0.0314 0.2946666666666667 0.0184 0.039466666666666664
0 0.026 0.3088 0.0136 0.021333333333333333
0 0.0526 0.2885333333333333 0.01 0.013333333333333334
0 0.069 0.2192 0.0076 0.0112
0 0.0754 0.21973333333333334 0.008 0.010133333333333333
0 0.082 0.224 0.008 0.013333333333333334
0 0.0864 0.21973333333333334 0.0068 0.006933333333333333
0 0.0926 0.22826666666666667 0.01 0.012266666666666667
0 0.0998 0.2304 0.0096 0.0112
0 0.1072 0.23146666666666665 0.0084 0.013333333333333334
0 0.096 0.2688 0.0092 0.018666666666666668
0 0.0598 0.3181333333333333 0.0216 0.023466666666666667
0 0.079 0.3101333333333333 0.0112 0.0144
0 0.1114 0.30906666666666666 0.0104 0.020266666666666665
0 0.1338 0.30906666666666666 0.0116 0.018666666666666668
0 0.1506 0.2770666666666667 0.0064 0.007466666666666667
0 0.1658 0.2770666666666667 0.03 0.0288
0 0.1826 0.34026666666666666 0.0096 0.0128
0 0.1908 0.3304 0.0204 0.0368
0 0.1456 0.3432 0.0092 0.013333333333333334
0 0.082 0.36293333333333333 0.01 0.017066666666666667
0 0.095 0.39013333333333333 0.016 0.021333333333333333
0 0.1136 0.392 0.0104 0.020266666666666665
0 0.1202 0.4632 0.0228 0.030933333333333334
0 0.1446 0.4552 0.0116 0.012266666666666667
0 0.152 0.4432 0.0116 0.013866666666666666
0 0.115 0.5218666666666667 0.0268 0.03253333333333333
0 0.1436 0.5613333333333334 0.0204 0.0272
0 0.1284 0.6088 0.0068 0.0144
0 0.1502 0.6445333333333333 0.016 0.0224
0 0.1304 0.7058666666666666 0.0068 0.021333333333333333
0 0.1472 0.7773333333333333 0.0124 0.017066666666666667
0 0.1328 0.7717333333333334 0.0032 0.010666666666666666
0 0.1412 0.8034666666666667 0.0204 0.03573333333333333
0 0.1932 0.868 0.0112 0.014933333333333333
0 0.2086 0.8933333333333333 0.0092 0.008533333333333334
0 0.22 0.8845333333333333 0.01 0.014933333333333333
0 0.2116 0.8194666666666667 0.0112 0.016
0 0.2244 0.8002666666666667 0.0156 0.021866666666666666
0 0.2306 0.8317333333333333 0.0096 0.013333333333333334
0 0.251 0.9045333333333333 0.0064 0.008
0 0.2718 0.8853333333333333 0.0064 0.008533333333333334
0 0.291 0.8677333333333334 0.0068 0.0096
0 0.2812 0.9221333333333334 0.0072 0.008
0 0.3028 0.9002666666666667 0.0056 0.008
0 0.311 0.9389333333333333 0.008 0.008
0 0.3292 0.8237333333333333 0.018 0.037333333333333336
0 0.3584 0.8365333333333334 0.0168 0.030933333333333334
0 0.2674 0.7848 0.0112 0.016
0 0.2526 0.7682666666666667 0.0112 0.0144
0 0.2762 0.76 0.0064 0.010133333333333333
0 0.2432 0.7544 0.0228 0.024533333333333334
0 0.261 0.7029333333333333 0.01 0.013333333333333334
0 0.2826 0.7157333333333333 0.0116 0.016
0 0.29 0.6832 0.0092 0.010133333333333333
0 0.3012 0.672 0.0128 0.0176
0 0.2978 0.6992 0.0116 0.012266666666666667
0 0.3224 0.7178666666666667 0.0104 0.016
0 0.3614 0.7693333333333333 0.0224 0.02666666666666667
0 0.3706 0.7149333333333333 0.008 0.013333333333333334
0 0.3208 0.6245333333333334 0.0148 0.020266666666666665
0 0.2954 0.6184 0.0104 0.013333333333333334
0 0.2706 0.6365333333333333 0.0088 0.010133333333333333
0 0.2456 0.6354666666666666 0.0112 0.016
0 0.272 0.54 0.0096 0.013866666666666666
0 0.2174 0.5469333333333334 0.0128 0.017066666666666667
0 0.2974 0.5245333333333333 0.0076 0.011733333333333333
0 0.2938 0.5066666666666667 0.0096 0.019733333333333332
0 0.232 0.48533333333333334 0.0116 0.013866666666666666
0 0.2018 0.46986666666666665 0.0112 0.0112
0 0.206 0.4104 0.0068 0.010666666666666666
0 0.2166 0.4064 0.01 0.012266666666666667
0 0.2452 0.3858666666666667 0.0144 0.008
0 0.2774 0.4205333333333333 0.0096 0.007466666666666667
0 0.2794 0.4554666666666667 0.028 0.021866666666666666
0 0.3182 0.47813333333333335 0.0156 0.018666666666666668
0 0.3566 0.5242666666666667 0.0096 0.018133333333333335
0 0.3414 0.5453333333333333 0.0164 0.03253333333333333
0 0.3558 0.5530666666666667 0.0112 0.0192
0 0.3708 0.5245333333333333 0.0064 0.006933333333333333
0 0.3648 0.5021333333333333 0.0064 0.008
0 0.4036 0.4968 0.0232 0.03626666666666667
0 0.4216 0.5061333333333333 0.0132 0.0176
0 0.3944 0.4168 0.028 0.0416
0 0.3716 0.4282666666666667 0.0072 0.0128
0 0.3524 0.384 0.0104 0.017066666666666667
0 0.3576 0.3792 0.012 0.012266666666666667
0 0.4358 0.5605333333333333 0.0316 0.0304
0 0.456 0.592 0.0324 0.012266666666666667
0 0.4646 0.6234666666666666 0.0288 0.024533333333333334
0 0.4574 0.6525333333333333 0.0228 0.016
0 0.5294 0.6522666666666667 0.0152 0.016533333333333334
0 0.5424 0.6349333333333333 0.006 0.018133333333333335
0 0.5396 0.5872 0.0068 0.018666666666666668
0 0.5298 0.5432 0.0064 0.008533333333333334
0 0.5374 0.548 0.0056 0.013333333333333334
0 0.5596 0.49093333333333333 0.0268 0.024533333333333334
0 0.5438 0.4301333333333333 0.022 0.027733333333333332
0 0.5432 0.41173333333333334 0.0224 0.020266666666666665
0 0.371 0.30933333333333335 0.008 0.013866666666666666
0 0.361 0.28586666666666666 0.0136 0.0192
0 0.3268 0.2336 0.016 0.015466666666666667
0 0.2296 0.2904 0.0256 0.027733333333333332
0 0.2786 0.18853333333333333 0.0224 0.0208
0 0.2622 0.1616 0.0244 0.0224
0 0.182 0.20293333333333333 0.0172 0.013866666666666666
0 0.6458 0.2104 0.0224 0.024533333333333334
0 0.6328 0.26853333333333335 0.0228 0.03253333333333333
0 0.6016 0.3154666666666667 0.0204 0.020266666666666665
0 0.5916 0.3413333333333333 0.0208 0.024533333333333334
0 0.6766 0.3888 0.0132 0.012266666666666667
0 0.7354 0.29333333333333333 0.0192 0.016
0 0.7394 0.17706666666666668 0.0244 0.030933333333333334
0 0.7284 0.06373333333333334 0.0216 0.0288
0 0.7782 0.0312 0.0164 0.0192
0 0.8856 0.15653333333333333 0.0164 0.023466666666666667
0 0.908 0.1608 0.0132 0.017066666666666667
0 0.8934 0.2056 0.0104 0.013333333333333334
0 0.8634 0.21626666666666666 0.0124 0.017066666666666667
0 0.8754 0.22346666666666667 0.01 0.008533333333333334
0 0.8448 0.2557333333333333 0.0108 0.014933333333333333
0 0.855 0.2789333333333333 0.0148 0.017066666666666667
0 0.8492 0.3061333333333333 0.014 0.0176
0 0.8588 0.3154666666666667 0.0136 0.016533333333333334
0 0.8288 0.332 0.0084 0.0144
0 0.84 0.3448 0.0124 0.014933333333333333
0 0.8528 0.3448 0.014 0.016533333333333334
0 0.789 0.3450666666666667 0.018 0.019733333333333332
0 0.866 0.3642666666666667 0.012 0.017066666666666667
0 0.8754 0.30906666666666666 0.008 0.009066666666666667
0 0.8946 0.2885333333333333 0.0176 0.023466666666666667
0 0.9202 0.2768 0.0124 0.016533333333333334
0 0.9258 0.24933333333333332 0.0136 0.0192
0 0.938 0.26 0.0144 0.0208
0 0.9766 0.3416 0.026 0.042666666666666665
0 0.9772 0.3685333333333333 0.0388 0.028266666666666666
0 0.9586 0.3856 0.0088 0.008533333333333334
0 0.9982 0.3781333333333333 0.0036 0.016
0 0.98 0.41973333333333335 0.01 0.017066666666666667
0 0.9544 0.42133333333333334 0.0108 0.0112
0 0.9 0.4242666666666667 0.0088 0.007466666666666667
0 0.9504 0.4472 0.032 0.034133333333333335
0 0.9828 0.46373333333333333 0.0336 0.034666666666666665
0 0.8894 0.5024 0.0084 0.0096
0 0.9408 0.4784 0.008 0.011733333333333333
0 0.953 0.516 0.0296 0.04533333333333334
0 0.9932 0.4904 0.0136 0.018133333333333335
0 0.9274 0.5482666666666667 0.01 0.007466666666666667
0 0.9014 0.5712 0.01 0.0064
0 0.9124 0.6024 0.0112 0.008
0 0.988 0.5725333333333333 0.024 0.03573333333333333
0 0.9956 0.5490666666666667 0.0088 0.0144
0 0.94 0.6328 0.0304 0.04426666666666667
0 0.9234 0.6530666666666667 0.0268 0.04
0 0.894 0.6602666666666667 0.0136 0.018133333333333335
0 0.8636 0.6357333333333334 0.018 0.013866666666666666
0 0.9458 0.6117333333333334 0.006 0.005866666666666667
0 0.928 0.7418666666666667 0.0272 0.04373333333333333
0 0.9874 0.7992 0.016 0.015466666666666667
0 0.9138 0.7781333333333333 0.028 0.04586666666666667
0 0.8978 0.7354666666666667 0.0076 0.010666666666666666
0 0.847 0.7048 0.0088 0.011733333333333333
0 0.8288 0.7354666666666667 0.0092 0.0112
0 0.8672 0.7914666666666667 0.0104 0.010133333333333333
0 0.885 0.7797333333333333 0.0104 0.0112
0 0.9054 0.8325333333333333 0.014 0.011733333333333333
0 0.9252 0.8344 0.0108 0.0128
0 0.9838 0.8490666666666666 0.0224 0.026133333333333335
0 0.9128 0.856 0.0136 0.0112
0 0.9144 0.8941333333333333 0.0072 0.007466666666666667
0 0.8672 0.9029333333333334 0.012 0.013866666666666666
0 0.8542 0.836 0.0312 0.037333333333333336
0 0.8716 0.8509333333333333 0.0316 0.03306666666666667
0 0.8926 0.9418666666666666 0.0092 0.008533333333333334
0 0.9434 0.9722666666666666 0.0116 0.0128
0 0.8268 0.9666666666666667 0.0132 0.014933333333333333
0 0.7716 0.9429333333333333 0.0044 0.007466666666666667
0 0.766 0.9024 0.0056 0.008533333333333334
0 0.7264 0.9176 0.0128 0.018666666666666668
0 0.7118 0.94 0.0064 0.008
0 0.6952 0.9544 0.0084 0.014933333333333333
0 0.7238 0.9525333333333333 0.0132 0.016
0 0.7526 0.9797333333333333 0.0152 0.016533333333333334
0 0.7684 0.8397333333333333 0.0076 0.020266666666666665
0 0.7816 0.8098666666666666 0.0168 0.0288
0 0.7618 0.812 0.012 0.024533333333333334
0 0.7542 0.7901333333333334 0.0068 0.016
0 0.7564 0.7872 0.0064 0.014933333333333333
0 0.7616 0.7738666666666667 0.0072 0.010666666666666666
0 0.7476 0.7704 0.006 0.011733333333333333
0 0.751 0.7677333333333334 0.008 0.020266666666666665
0 0.744 0.7472 0.0092 0.018133333333333335
0 0.725 0.7973333333333333 0.01 0.024533333333333334
0 0.6822 0.8282666666666667 0.0224 0.024533333333333334
0 0.6772 0.8602666666666666 0.0128 0.016533333333333334
0 0.7062 0.7698666666666667 0.0112 0.0192
0 0.6988 0.7530666666666667 0.0092 0.019733333333333332
0 0.6936 0.7304 0.0076 0.011733333333333333
0 0.7132 0.6912 0.0076 0.011733333333333333
0 0.7206 0.7122666666666667 0.0164 0.02666666666666667
0 0.7602 0.6848 0.0128 0.024533333333333334
0 0.7662 0.7125333333333334 0.0096 0.010666666666666666
0 0.7798 0.6549333333333334 0.008 0.0112
0 0.7448 0.6429333333333334 0.0076 0.013866666666666666
0 0.7556 0.6298666666666667 0.0104 0.0144
0 0.766 0.6266666666666667 0.014 0.025066666666666668
0 0.7718 0.6032 0.008 0.009066666666666667
0 0.7808 0.6136 0.0076 0.010666666666666666
0 0.7214 0.6586666666666666 0.0112 0.017066666666666667
0 0.6652 0.6786666666666666 0.0108 0.013866666666666666
0 0.6358 0.7338666666666667 0.014 0.011733333333333333
0 0.727 0.6757333333333333 0.0072 0.010666666666666666
0 0.645 0.6197333333333334 0.0156 0.018133333333333335
0 0.6242 0.6016 0.0148 0.0192
0 0.6142 0.6586666666666666 0.01 0.0128
0 0.632 0.6408 0.0048 0.005333333333333333
0 0.5878 0.6762666666666667 0.0108 0.011733333333333333
0 0.6976 0.5722666666666667 0.0144 0.0208
0 0.7086 0.5202666666666667 0.0148 0.04373333333333333
0 0.7314 0.548 0.0096 0.0128
0 0.7108 0.6189333333333333 0.0092 0.011733333333333333
0 0.7492 0.5557333333333333 0.012 0.015466666666666667
0 0.7714 0.532 0.0096 0.016533333333333334
0 0.7858 0.5074666666666666 0.0132 0.014933333333333333
0 0.7854 0.5218666666666667 0.0124 0.011733333333333333
0 0.7598 0.48106666666666664 0.0156 0.0192
0 0.7734 0.4613333333333333 0.0076 0.0096
0 0.7702 0.4461333333333333 0.0072 0.010133333333333333
0 0.7846 0.428 0.008 0.010133333333333333
0 0.8018 0.4448 0.0112 0.011733333333333333
0 0.809 0.4784 0.0124 0.017066666666666667
0 0.8148 0.48346666666666666 0.0104 0.0128
0 0.7936 0.39653333333333335 0.0088 0.0112
0 0.8308 0.4010666666666667 0.012 0.0128
0 0.838 0.4050666666666667 0.0156 0.014933333333333333
0 0.829 0.4338666666666667 0.0112 0.011733333333333333
0 0.837 0.43466666666666665 0.0092 0.010666666666666666
0 0.6258 0.7605333333333333 0.0096 0.0128
0 0.6452 0.7629333333333334 0.0092 0.0128
0 0.6126 0.7890666666666667 0.0088 0.012266666666666667
0 0.6124 0.8237333333333333 0.0068 0.013333333333333334
0 0.6262 0.848 0.0136 0.016
0 0.5856 0.8448 0.0104 0.018133333333333335
0 0.6026 0.8568 0.0112 0.0128
0 0.6128 0.8893333333333333 0.0144 0.020266666666666665
0 0.6722 0.9317333333333333 0.0096 0.0128
0 0.6824 0.9829333333333333 0.0104 0.016
0 0.65 0.9722666666666666 0.008 0.008
0 0.6322 0.9885333333333334 0.0128 0.015466666666666667
0 0.551 0.9672 0.0076 0.010133333333333333
0 0.5138 0.9346666666666666 0.0248 0.030933333333333334
0 0.5608 0.8602666666666666 0.0104 0.012266666666666667
0 0.4998 0.8714666666666666 0.0088 0.011733333333333333
0 0.4714 0.8997333333333334 0.0088 0.012266666666666667
0 0.4728 0.936 0.0068 0.011733333333333333
0 0.3988 0.9146666666666666 0.014 0.0128
0 0.3788 0.9528 0.0172 0.017066666666666667
0 0.4674 0.7954666666666667 0.0248 0.025066666666666668
0 0.5542 0.7936 0.0096 0.010133333333333333
0 0.542 0.7562666666666666 0.0084 0.0112
1 0.0932 0.23066666666666666 0.058 0.04053333333333333
0 0.1866 0.7 0.0128 0.0144
0 0.7768 0.5698666666666666 0.0124 0.02666666666666667
0 0.8022 0.5693333333333334 0.0064 0.0096