0 0.17642069550466496 0.2760172143974961 0.04580152671755725 0.03286384976525822
0 0.09881255301102629 0.26975743348982784 0.02205258693808312 0.013693270735524257
0 0.05173876166242578 0.27719092331768386 0.02883799830364716 0.021517996870109544
0 0.08015267175572519 0.28931924882629106 0.027989821882951654 0.02034428794992175
0 0.08269720101781171 0.20344287949921752 0.03307888040712468 0.017214397496087636
0 0.2633587786259542 0.17977308294209704 0.037319762510602206 0.023474178403755867
0 0.2866836301950806 0.15864632237871676 0.030534351145038167 0.02190923317683881
0 0.5381679389312977 0.1541471048513302 0.058524173027989825 0.022300469483568074
0 0.7188295165394402 0.1821205007824726 0.05597964376590331 0.028560250391236306
0 0.7921967769296013 0.1936619718309859 0.08821034775233248 0.0406885758998435
0 0.5903307888040712 0.26780125195618154 0.037319762510602206 0.028560250391236306
0 0.4847328244274809 0.27856025039123633 0.06700593723494487 0.0406885758998435
0 0.6603053435114504 0.3057511737089202 0.07633587786259542 0.04029733959311424
0 0.8761662425784563 0.29401408450704225 0.24766751484308736 0.07550860719874804
0 0.9715860899067006 0.35895931142410015 0.056827820186598814 0.03755868544600939
0 0.9779474130619169 0.42644757433489827 0.04071246819338423 0.01643192488262911
0 0.8740458015267175 0.43740219092331767 0.02714164546225615 0.01486697965571205
0 0.7307039864291772 0.42566510172143973 0.16539440203562342 0.08646322378716745
1 0.9011874469889737 0.4859154929577465 0.07548770144189991 0.03442879499217527
1 0.8846480067854113 0.5543818466353677 0.090754877014419 0.028169014084507043
1 0.8693808312128923 0.5422535211267606 0.1993214588634436 0.10641627543035993
0 0.8002544529262087 0.48278560250391234 0.041560644614079725 0.019561815336463225
0 0.724342663273961 0.5072378716744914 0.06615776081424936 0.02112676056338028
0 0.6823579304495335 0.554773082942097 0.058524173027989825 0.020735524256651018
0 0.6505513146734521 0.5694444444444444 0.0542832909245123 0.01995305164319249
0 0.7480916030534351 0.5907668231611893 0.02714164546225615 0.010954616588419406
0 0.8142493638676844 0.6238262910798122 0.06530958439355386 0.02464788732394366
0 0.8787107718405428 0.6572769953051644 0.03477523324851569 0.01564945226917058
0 0.953774385072095 0.6617762128325508 0.06955046649703138 0.03129890453834116
0 0.7675996607294318 0.7085289514866979 0.04580152671755725 0.016040688575899843
0 0.8002544529262087 0.75802034428795 0.02374893977947413 0.008998435054773083
0 0.9342663273960984 0.7582159624413145 0.021204410517387615 0.011737089201877934
0 0.960559796437659 0.7732785602503912 0.07888040712468193 0.023082942097026604
0 0.6594571670907549 0.7572378716744914 0.02374893977947413 0.008607198748043818
0 0.6340118744698897 0.7145931142410016 0.032230703986429174 0.012128325508607199
1 0.6246819338422391 0.7183098591549296 0.08142493638676845 0.0418622848200313
0 0.527565733672604 0.721244131455399 0.032230703986429174 0.012910798122065728
0 0.5521628498727735 0.7415884194053208 0.02374893977947413 0.010954616588419406
0 0.44529262086513993 0.7435446009389671 0.022900763358778626 0.011737089201877934
0 0.5004240882103478 0.6744913928012519 0.05343511450381679 0.02699530516431925
0 0.5729431721798134 0.634585289514867 0.12298558100084818 0.0594679186228482
0 0.7120441051738762 0.6394757433489828 0.030534351145038167 0.012910798122065728
0 0.4206955046649703 0.636150234741784 0.029686174724342665 0.02034428794992175
0 0.455470737913486 0.621283255086072 0.05258693808312129 0.017996870109546165
0 0.3791348600508906 0.5786384976525821 0.05004240882103478 0.02699530516431925
0 0.2972858354537744 0.5545774647887324 0.06615776081424936 0.032081377151799685
0 0.5156912637828668 0.5007824726134585 0.05767599660729432 0.036776212832550864
0 0.48346055979643765 0.4767214397496088 0.029686174724342665 0.016823161189358372
0 0.5869380831212893 0.5025430359937402 0.04071246819338423 0.018388106416275432
0 0.5301102629346904 0.424491392801252 0.03816793893129771 0.014084507042253521
0 0.6005089058524173 0.42977308294209704 0.031382527565733676 0.010954616588419406
0 0.27565733672603904 0.47437402190923317 0.016115351993214587 0.01056338028169014
0 0.2430025445292621 0.46028951486697967 0.058524173027989825 0.03403755868544601
0 0.24003392705682783 0.42527386541471046 0.027989821882951654 0.010954616588419406
0 0.2642069550466497 0.40512519561815336 0.037319762510602206 0.02269170579029734
0 0.3507209499575912 0.3658059467918623 0.04240882103477523 0.0297339593114241
0 0.2820186598812553 0.3519170579029734 0.05767599660729432 0.03599374021909233
0 0.361323155216285 0.2885367762128325 0.0542832909245123 0.05359937402190924
0 0.23197625106022052 0.5729655712050078 0.043256997455470736 0.025821596244131457
0 0.31679389312977096 0.5884194053208138 0.022900763358778626 0.012128325508607199
0 0.3507209499575912 0.6056338028169014 0.018659881255301103 0.01134585289514867
0 0.29770992366412213 0.6480829420970265 0.020356234096692113 0.012128325508607199
0 0.4033078880407125 0.6533646322378717 0.020356234096692113 0.01134585289514867
0 0.3927056827820187 0.6985524256651017 0.043256997455470736 0.023474178403755867
0 0.35877862595419846 0.7228090766823161 0.019508057675996608 0.009780907668231613
0 0.3435114503816794 0.6932707355242567 0.02205258693808312 0.008998435054773083
0 0.2964376590330789 0.6917057902973396 0.06022052586938083 0.023474178403755867
0 0.2578456318914334 0.7153755868544601 0.02544529262086514 0.010954616588419406
0 0.2926208651399491 0.7310250391236307 0.018659881255301103 0.008998435054773083
0 0.2446988973706531 0.7273082942097027 0.019508057675996608 0.008998435054773083
0 0.1717557251908397 0.7085289514866979 0.018659881255301103 0.008998435054773083
0 0.2001696352841391 0.6844679186228482 0.016963528413910092 0.00782472613458529
0 0.24427480916030533 0.6874021909233177 0.02374893977947413 0.009389671361502348
0 0.1878710771840543 0.6576682316118936 0.019508057675996608 0.009780907668231613
0 0.13952502120441052 0.615414710485133 0.05173876166242578 0.022300469483568074
0 0.18702290076335878 0.61697965571205 0.02883799830364716 0.008998435054773083
0 0.2001696352841391 0.5995696400625978 0.033927056827820185 0.01995305164319249
0 0.23027989821882952 0.6177621283255086 0.04749787955894826 0.025821596244131457
0 0.18363019508057676 0.5721830985915493 0.04410517387616624 0.018779342723004695
0 0.10305343511450382 0.6543427230046949 0.017811704834605598 0.008607198748043818
0 0.11874469889737066 0.679773082942097 0.019508057675996608 0.008998435054773083
0 0.1191687871077184 0.7155712050078247 0.022900763358778626 0.012519561815336464
0 0.013994910941475827 0.7055946791862285 0.017811704834605598 0.007042253521126761
0 0.018659881255301103 0.6244131455399061 0.037319762510602206 0.041471048513302036
0 0.0737913486005089 0.6013302034428795 0.026293469041560644 0.012519561815336464
0 0.1255301102629347 0.5866588419405321 0.021204410517387615 0.008215962441314555
0 0.05725190839694656 0.5733568075117371 0.019508057675996608 0.008607198748043818
0 0.006361323155216285 0.5469483568075117 0.01272264631043257 0.012519561815336464
0 0.04368108566581849 0.5440140845070423 0.027989821882951654 0.014084507042253521
0 0.08057675996607294 0.5449921752738655 0.03816793893129771 0.018388106416275432
0 0.09372349448685327 0.5307120500782473 0.04495335029686175 0.02112676056338028
0 0.15521628498727735 0.5183881064162754 0.043256997455470736 0.01917057902973396
0 0.18659881255301103 0.5295383411580594 0.024597116200169637 0.012519561815336464
0 0.18363019508057676 0.5011737089201878 0.022900763358778626 0.011737089201877934
0 0.05343511450381679 0.5119327073552425 0.02374893977947413 0.010954616588419406
0 0.10517387616624257 0.4671361502347418 0.022900763358778626 0.009780907668231613
0 0.06955046649703138 0.5197574334898278 0.016115351993214587 0.006651017214397496
0 0.01653944020356234 0.4927621283255086 0.03307888040712468 0.03403755868544601
0 0.1085665818490246 0.4902190923317684 0.089058524173028 0.03951486697965571
0 0.013994910941475827 0.44209702660406885 0.024597116200169637 0.016040688575899843
0 0.054707379134860054 0.4395539906103286 0.019508057675996608 0.011737089201877934
0 0.03095843935538592 0.42664319248826293 0.05597964376590331 0.024256651017214397
0 0.046225614927905 0.40923317683881066 0.022900763358778626 0.014475743348982786
0 0.12765055131467345 0.3965179968701095 0.06022052586938083 0.06103286384976526
0 0.19168787107718405 0.42859937402190923 0.016115351993214587 0.01056338028169014
0 0.14800678541136555 0.3501564945226917 0.03307888040712468 0.022300469483568074
0 0.05385920271416455 0.3597417840375587 0.020356234096692113 0.013302034428794992
0 0.022900763358778626 0.3609154929577465 0.04580152671755725 0.057511737089201875
0 0.047073791348600506 0.32785602503912364 0.02374893977947413 0.01134585289514867
0 0.008905852417302799 0.27719092331768386 0.017811704834605598 0.027777777777777776
0 0.9961832061068703 0.44366197183098594 0.007633587786259542 0.010172143974960876