0 0.3619378306878307 0.40240575396825395 0.14715608465608465 0.10466269841269842
0 0.5099206349206349 0.41183035714285715 0.05092592592592592 0.040674603174603176
0 0.4351851851851852 0.46304563492063494 0.04431216931216931 0.033234126984126984
0 0.5666335978835979 0.47619047619047616 0.06779100529100529 0.05109126984126984
0 0.49933862433862436 0.5135168650793651 0.05191798941798942 0.04092261904761905
0 0.427744708994709 0.5716765873015873 0.04398148148148148 0.03794642857142857
0 0.55869708994709 0.5677083333333334 0.045304232804232805 0.04836309523809524
0 0.673776455026455 0.6568700396825397 0.025793650793650792 0.021081349206349208
0 0.7278439153439153 0.6039186507936508 0.02943121693121693 0.024057539682539684
0 0.708994708994709 0.5283978174603174 0.027777777777777776 0.024553571428571428
0 0.6875 0.49231150793650796 0.06018518518518518 0.039186507936507936
0 0.624834656084656 0.4408482142857143 0.06349206349206349 0.0441468253968254
0 0.6097883597883598 0.33296130952380953 0.13723544973544974 0.09523809523809523
0 0.5500992063492064 0.2907986111111111 0.044642857142857144 0.03794642857142857
0 0.6087962962962963 0.23834325396825398 0.08763227513227513 0.09300595238095238
0 0.47172619047619047 0.23053075396825398 0.04365079365079365 0.03993055555555555
0 0.2926587301587302 0.3482142857142857 0.05257936507936508 0.039186507936507936
0 0.3490410052910053 0.32824900793650796 0.0248015873015873 0.046130952380952384
0 0.20949074074074073 0.2819940476190476 0.0539021164021164 0.03373015873015873
0 0.2898478835978836 0.2689732142857143 0.08895502645502645 0.06919642857142858
0 0.2056878306878307 0.15910218253968253 0.06316137566137567 0.04389880952380952
0 0.12483465608465609 0.22073412698412698 0.05555555555555555 0.07490079365079365
0 0.09341931216931217 0.15699404761904762 0.045304232804232805 0.040426587301587304
0 0.02414021164021164 0.20535714285714285 0.04828042328042328 0.09151785714285714
0 0.13442460317460317 0.3453621031746032 0.056878306878306875 0.09250992063492064
0 0.05026455026455026 0.2786458333333333 0.05092592592592592 0.03571428571428571
0 0.01570767195767196 0.3478422619047619 0.03141534391534392 0.08283730158730158
0 0.01455026455026455 0.4661458333333333 0.0291005291005291 0.060267857142857144
0 0.05257936507936508 0.5235615079365079 0.09556878306878307 0.0835813492063492
0 0.14781746031746032 0.5264136904761905 0.030753968253968252 0.07862103174603174
0 0.2078373015873016 0.5230654761904762 0.059854497354497355 0.044890873015873016
0 0.20618386243386244 0.5721726190476191 0.0205026455026455 0.013888888888888888
0 0.2131283068783069 0.6382688492063492 0.06746031746031746 0.057291666666666664
0 0.3599537037037037 0.7380952380952381 0.044642857142857144 0.029265873015873016
0 0.12632275132275134 0.7057291666666666 0.04365079365079365 0.035962301587301584
0 0.003472222222222222 0.8111359126984127 0.006944444444444444 0.023065476190476192
0 0.007771164021164021 0.9037698412698413 0.015542328042328041 0.02703373015873016
0 0.056878306878306875 0.8585069444444444 0.062169312169312166 0.046130952380952384
0 0.13128306878306878 0.9185267857142857 0.05886243386243386 0.030009920634920636
0 0.21395502645502645 0.8659474206349206 0.04662698412698413 0.028769841269841268
0 0.29050925925925924 0.8004712301587301 0.026785714285714284 0.017609126984126984
0 0.36491402116402116 0.845734126984127 0.028439153439153438 0.018601190476190476
0 0.4307208994708995 0.8757440476190477 0.027116402116402115 0.01984126984126984
0 0.43369708994708994 0.7836061507936508 0.027777777777777776 0.021825396825396824
0 0.49834656084656087 0.7284226190476191 0.03736772486772487 0.025297619047619048
0 0.49933862433862436 0.8187003968253969 0.05787037037037037 0.041666666666666664
0 0.5588624338624338 0.8539186507936508 0.022156084656084655 0.018105158730158732
0 0.6676587301587301 0.8345734126984127 0.026785714285714284 0.019097222222222224
0 0.6187169312169312 0.8028273809523809 0.0419973544973545 0.023313492063492064
0 0.6144179894179894 0.7108134920634921 0.026785714285714284 0.015376984126984126
0 0.7645502645502645 0.8146081349206349 0.032407407407407406 0.020089285714285716
0 0.8741732804232805 0.8003472222222222 0.036375661375661374 0.022321428571428572
0 0.8138227513227513 0.7708333333333334 0.042328042328042326 0.03720238095238095
0 0.8232473544973545 0.6867559523809523 0.0333994708994709 0.0248015873015873
0 0.9069113756613757 0.7604166666666666 0.022156084656084655 0.018601190476190476
0 0.968584656084656 0.6912202380952381 0.03571428571428571 0.017609126984126984
0 0.9126984126984127 0.6557539682539683 0.028769841269841268 0.010912698412698412
0 0.8546626984126984 0.6201636904761905 0.02414021164021164 0.013392857142857142
0 0.8037367724867724 0.5808531746031746 0.036375661375661374 0.017609126984126984
0 0.8685515873015873 0.5670882936507936 0.07473544973544974 0.027529761904761904
0 0.9837962962962963 0.5353422619047619 0.032407407407407406 0.07589285714285714
0 0.873015873015873 0.5344742063492064 0.052248677248677246 0.0339781746031746
0 0.8138227513227513 0.49243551587301587 0.07142857142857142 0.053075396825396824
0 0.8384589947089947 0.4053819444444444 0.07242063492063493 0.052083333333333336
0 0.7650462962962963 0.34188988095238093 0.05588624338624339 0.037450396825396824
0 0.9927248677248677 0.3679315476190476 0.01455026455026455 0.019593253968253968
0 0.9163359788359788 0.33122519841269843 0.10681216931216932 0.07936507936507936
0 0.8384589947089947 0.29117063492063494 0.051587301587301584 0.03546626984126984
0 0.7184193121693122 0.24578373015873015 0.08597883597883597 0.03993055555555555
0 0.7041997354497355 0.17038690476190477 0.03802910052910053 0.03298611111111111
0 0.8596230158730159 0.16170634920634921 0.1765873015873016 0.15079365079365079
0 0.9953703703703703 0.18167162698412698 0.009259259259259259 0.023065476190476192
0 0.9775132275132276 0.04563492063492063 0.04497354497354497 0.06994047619047619
0 0.8472222222222222 0.034970238095238096 0.05919312169312169 0.04712301587301587
0 0.6790674603174603 0.049975198412698416 0.144510582010582 0.09995039682539683
0 0.5486111111111112 0.16964285714285715 0.061507936507936505 0.05133928571428571
0 0.45436507936507936 0.1661706349206349 0.04497354497354497 0.03447420634920635
0 0.38921957671957674 0.1657986111111111 0.027777777777777776 0.025793650793650792
0 0.4451058201058201 0.09623015873015874 0.1402116402116402 0.09424603174603174
0 0.35201719576719576 0.026909722222222224 0.07936507936507936 0.05381944444444445
0 0.2551256613756614 0.0038442460317460315 0.08002645502645503 0.007688492063492063
0 0.20949074074074073 0.06436011904761904 0.07242063492063493 0.0726686507936508
0 0.1185515873015873 0.09052579365079365 0.056878306878306875 0.043154761904761904
0 0.035383597883597885 0.027777777777777776 0.05588624338624339 0.044890873015873016