0 0.33466666666666667 0.3604702750665484 0.054 0.06521739130434782
0 0.20566666666666666 0.31721384205856257 0.04733333333333333 0.06433007985803017
0 0.106 0.31344276841171254 0.04933333333333333 0.06033717834960071
0 0.248 0.2111801242236025 0.03666666666666667 0.0354924578527063
0 0.12733333333333333 0.4230257320319432 0.056 0.05102040816326531
0 0.19766666666666666 0.769299023957409 0.06 0.07009760425909495
0 0.274 0.691659272404614 0.038 0.043478260869565216
0 0.4073333333333333 0.7326974267968057 0.26 0.3087843833185448
0 0.21333333333333335 0.1370896184560781 0.015333333333333332 0.01774622892635315
0 0.16866666666666666 0.008429458740017746 0.042 0.01685891748003549
0 0.3373333333333333 0.10470275066548358 0.013333333333333334 0.013753327417923691
0 0.3576666666666667 0.14418811002661935 0.014666666666666666 0.013309671694764862
0 0.4036666666666667 0.026619343389529725 0.03133333333333333 0.030168589174800354
0 0.44866666666666666 0.04259094942324756 0.042 0.06344276841171251
0 0.458 0.08895297249334516 0.027333333333333334 0.035048802129547474
0 0.45466666666666666 0.16370896184560782 0.028 0.032830523513753325
0 0.5493333333333333 0.11024844720496894 0.034666666666666665 0.02129547471162378
0 0.5076666666666667 0.19387755102040816 0.030666666666666665 0.03682342502218278
0 0.4886666666666667 0.26064773735581187 0.014666666666666666 0.04525288376220053
0 0.394 0.2937000887311446 0.021333333333333333 0.014640638864241348
0 0.5096666666666667 0.25510204081632654 0.021333333333333333 0.019520851818988466
0 0.541 0.24911268855368235 0.024 0.026175687666370896
0 0.5606666666666666 0.2684117125110914 0.02666666666666667 0.021739130434782608
0 0.628 0.23070097604259096 0.03866666666666667 0.01774622892635315
0 0.6446666666666667 0.21983141082519964 0.036 0.019077196095829637
0 0.6133333333333333 0.07320319432120674 0.056666666666666664 0.0385980479148181
0 0.6776666666666666 0.11357586512866016 0.038 0.024401064773735583
0 0.7276666666666667 0.1528393966282165 0.032 0.027950310559006212
0 0.9836666666666667 0.2284826974267968 0.03266666666666666 0.022182786157941437
0 0.7036666666666667 0.25865128660159714 0.024666666666666667 0.011978704525288377
0 0.5123333333333333 0.3254214729370009 0.015333333333333332 0.01774622892635315
0 0.5413333333333333 0.34361135758651284 0.028 0.025732031943212066
0 0.508 0.3598047914818101 0.011333333333333334 0.008429458740017746
0 0.504 0.3706743566992014 0.015333333333333332 0.008429458740017746
0 0.551 0.41282165039929014 0.027333333333333334 0.023957409050576754
0 0.7803333333333333 0.3442768411712511 0.03266666666666666 0.022626441881100266
0 0.802 0.3981810115350488 0.04933333333333333 0.021739130434782608
0 0.932 0.31255545696539483 0.04066666666666666 0.01818988464951198
0 0.9406666666666667 0.4538598047914818 0.029333333333333333 0.023957409050576754
0 0.848 0.4702750665483585 0.03866666666666667 0.02085181898846495
0 0.758 0.520851818988465 0.03333333333333333 0.019077196095829637
0 0.8306666666666667 0.5226264418811003 0.03666666666666667 0.029281277728482696
0 0.785 0.5709849157054127 0.06133333333333333 0.02883762200532387
0 0.8743333333333333 0.65150842945874 0.02666666666666667 0.015971606033717833
0 0.818 0.6870008873114463 0.024 0.019520851818988466
0 0.7583333333333333 0.7080745341614907 0.03 0.021739130434782608
0 0.7996666666666666 0.7218278615794144 0.04933333333333333 0.025288376220053237
0 0.9496666666666667 0.7267080745341615 0.023333333333333334 0.012422360248447204
0 0.994 0.6896628216503993 0.012 0.02085181898846495
0 0.9906666666666667 0.7185004436557232 0.018666666666666668 0.02040816326530612
0 0.986 0.7411268855368234 0.028 0.02085181898846495
0 0.8083333333333333 0.8007985803016859 0.020666666666666667 0.015971606033717833
0 0.6743333333333333 0.8309671694764863 0.036 0.015084294587400177
0 0.7366666666666667 0.8360692102928128 0.04133333333333333 0.011978704525288377
0 0.822 0.9720496894409938 0.027333333333333334 0.03149955634427684
0 0.8983333333333333 0.9594055013309671 0.034666666666666665 0.01774622892635315
0 0.9676666666666667 0.9831410825199645 0.043333333333333335 0.03149955634427684
0 0.624 0.9911268855368234 0.02266666666666667 0.013309671694764862
0 0.43366666666666664 0.5536823425022183 0.012666666666666666 0.01064773735581189
0 0.44366666666666665 0.5842945874001775 0.011333333333333334 0.011978704525288377
1 0.959 0.6994232475598935 0.082 0.11845607808340727
0 0.4663333333333333 0.07320319432120674 0.013333333333333334 0.026619343389529725