0 0.5766369047619048 0.4279100529100529 0.04513888888888889 0.06018518518518518
0 0.6402529761904762 0.4892526455026455 0.059027777777777776 0.07837301587301587
0 0.5880456349206349 0.4938822751322751 0.013392857142857142 0.017526455026455025
0 0.5954861111111112 0.5338955026455027 0.028273809523809524 0.022486772486772486
0 0.558531746031746 0.5315806878306878 0.030257936507936508 0.0496031746031746
0 0.6148313492063492 0.5891203703703703 0.018849206349206348 0.023148148148148147
0 0.5391865079365079 0.5600198412698413 0.015625 0.020833333333333332
0 0.560515873015873 0.5844907407407407 0.047867063492063495 0.05555555555555555
0 0.5687003968253969 0.6514550264550265 0.023809523809523808 0.0291005291005291
0 0.5935019841269841 0.6865079365079365 0.022321428571428572 0.026785714285714284
0 0.6037946428571429 0.7116402116402116 0.010416666666666666 0.017195767195767195
0 0.5474950396825397 0.6754298941798942 0.0248015873015873 0.03373015873015873
0 0.613219246031746 0.7671957671957672 0.012152777777777778 0.017195767195767195
0 0.5922619047619048 0.8048941798941799 0.010168650793650794 0.014219576719576719
0 0.5234375 0.7007275132275133 0.018601190476190476 0.027447089947089946
0 0.5461309523809523 0.738260582010582 0.017361111111111112 0.032407407407407406
0 0.498015873015873 0.740244708994709 0.015376984126984126 0.025793650793650792
0 0.5694444444444444 0.8429232804232805 0.010416666666666666 0.010582010582010581
0 0.5246775793650794 0.8506944444444444 0.014384920634920634 0.018849206349206348
0 0.4742063492063492 0.8521825396825397 0.015873015873015872 0.01951058201058201
0 0.42571924603174605 0.7805886243386243 0.022817460317460316 0.037698412698412696
0 0.39521329365079366 0.8250661375661376 0.013392857142857142 0.0248015873015873
0 0.2945188492063492 0.8177910052910053 0.020337301587301588 0.015542328042328041
0 0.31919642857142855 0.7837301587301587 0.024553571428571428 0.03373015873015873
0 0.26946924603174605 0.7094907407407407 0.026041666666666668 0.027777777777777776
0 0.2951388888888889 0.6726190476190477 0.021577380952380952 0.03141534391534392
0 0.33568948412698413 0.7212301587301587 0.010416666666666666 0.02447089947089947
0 0.37189980158730157 0.7086640211640212 0.03422619047619048 0.05191798941798942
0 0.3482142857142857 0.6731150793650794 0.031994047619047616 0.040013227513227514
0 0.27132936507936506 0.634755291005291 0.013640873015873016 0.017526455026455025
0 0.3506944444444444 0.6016865079365079 0.034722222222222224 0.052248677248677246
0 0.28087797619047616 0.5486111111111112 0.005208333333333333 0.007275132275132275
0 0.30009920634920634 0.5305886243386243 0.015128968253968254 0.01521164021164021
0 0.2769097222222222 0.4991732804232804 0.03521825396825397 0.045304232804232805
0 0.2550843253968254 0.4661044973544973 0.011656746031746032 0.018187830687830687
0 0.35032242063492064 0.5256283068783069 0.053323412698412696 0.06018518518518518
0 0.32626488095238093 0.4948743386243386 0.01636904761904762 0.01521164021164021
0 0.3023313492063492 0.4697420634920635 0.01314484126984127 0.031084656084656083
0 0.28149801587301587 0.43154761904761907 0.023313492063492064 0.03042328042328042
0 0.25124007936507936 0.39632936507936506 0.034970238095238096 0.040013227513227514
0 0.2748015873015873 0.3645833333333333 0.021825396825396824 0.02976190476190476
0 0.30319940476190477 0.39632936507936506 0.028769841269841268 0.023809523809523808
0 0.3478422619047619 0.39814814814814814 0.06398809523809523 0.09060846560846561
0 0.3230406746031746 0.3602843915343915 0.02554563492063492 0.040674603174603176
0 0.26587301587301587 0.29712301587301587 0.044890873015873016 0.07473544973544974
0 0.28931051587301587 0.25380291005291006 0.024305555555555556 0.035383597883597885
0 0.31981646825396826 0.2924933862433862 0.04241071428571429 0.08002645502645503
0 0.36408730158730157 0.2134589947089947 0.017361111111111112 0.0205026455026455
0 0.3923611111111111 0.24619708994708994 0.022817460317460316 0.03141534391534392
0 0.42472718253968256 0.21891534391534392 0.03720238095238095 0.05787037037037037
0 0.4443204365079365 0.2662037037037037 0.015376984126984126 0.018518518518518517
0 0.48834325396825395 0.23544973544973544 0.08382936507936507 0.08366402116402116
0 0.4983878968253968 0.3192791005291005 0.020833333333333332 0.03571428571428571
0 0.447296626984127 0.32076719576719576 0.0248015873015873 0.04662698412698413
0 0.39732142857142855 0.32159391534391535 0.026785714285714284 0.03439153439153439
0 0.36755952380952384 0.29017857142857145 0.030257936507936508 0.03802910052910053
0 0.40438988095238093 0.39037698412698413 0.017609126984126984 0.04894179894179894
0 0.44642857142857145 0.3978174603174603 0.03373015873015873 0.03902116402116402
0 0.47681051587301587 0.35714285714285715 0.032242063492063495 0.045304232804232805
0 0.5261656746031746 0.3549933862433862 0.04265873015873016 0.047619047619047616
0 0.5001240079365079 0.3912037037037037 0.019345238095238096 0.02447089947089947
0 0.47631448412698413 0.4255952380952381 0.024553571428571428 0.02513227513227513
0 0.5043402777777778 0.45849867724867727 0.04365079365079365 0.04662698412698413
0 0.43154761904761907 0.4451058201058201 0.021577380952380952 0.034722222222222224
0 0.40240575396825395 0.45882936507936506 0.018601190476190476 0.021825396825396824
0 0.42857142857142855 0.4935515873015873 0.018601190476190476 0.023478835978835978
0 0.39347718253968256 0.49404761904761907 0.013888888888888888 0.021164021164021163
0 0.4029017857142857 0.529431216931217 0.018353174603174604 0.041005291005291
0 0.48623511904761907 0.4938822751322751 0.009176587301587302 0.014219576719576719
0 0.5071924603174603 0.4932208994708995 0.01488095238095238 0.017526455026455025
0 0.5375744047619048 0.49503968253968256 0.019593253968253968 0.02513227513227513
0 0.5126488095238095 0.5279431216931217 0.01488095238095238 0.023148148148148147
0 0.45362103174603174 0.5520833333333334 0.027777777777777776 0.04034391534391534
0 0.4286954365079365 0.562334656084656 0.016121031746031748 0.01917989417989418
0 0.47197420634920634 0.5846560846560847 0.007936507936507936 0.028439153439153438
0 0.4538690476190476 0.5985449735449735 0.016865079365079364 0.023148148148148147
0 0.5262896825396826 0.6337632275132276 0.018105158730158732 0.025793650793650792
0 0.4756944444444444 0.6294642857142857 0.047867063492063495 0.06547619047619048
0 0.5007440476190477 0.6673280423280423 0.015128968253968254 0.021825396825396824
0 0.4254712301587302 0.7065145502645502 0.017361111111111112 0.027777777777777776
0 0.40612599206349204 0.7088293650793651 0.011160714285714286 0.04927248677248677
0 0.423859126984127 0.7372685185185185 0.006200396825396825 0.007605820105820105
0 0.37686011904761907 0.5618386243386243 0.016121031746031748 0.01917989417989418
0 0.40476190476190477 0.6003637566137566 0.019345238095238096 0.05324074074074074
0 0.9915674603174603 0.3912037037037037 0.01240079365079365 0.0248015873015873
0 0.9708581349206349 0.3993055555555556 0.014632936507936508 0.02513227513227513
0 0.9534970238095238 0.41005291005291006 0.023561507936507936 0.022817460317460316
0 0.9568452380952381 0.44841269841269843 0.016865079365079364 0.023478835978835978
0 0.9680059523809523 0.46312830687830686 0.010168650793650794 0.015542328042328041
0 0.9985119047619048 0.45453042328042326 0.002976190476190476 0.016534391534391533
0 0.9911954365079365 0.4798280423280423 0.017609126984126984 0.016865079365079364
0 0.96875 0.486276455026455 0.016617063492063492 0.012566137566137565
0 0.9724702380952381 0.5124007936507936 0.01711309523809524 0.017195767195767195
0 0.9853670634920635 0.5542328042328042 0.022817460317460316 0.027777777777777776
0 0.9830109126984127 0.6079695767195767 0.031994047619047616 0.0248015873015873
0 0.9847470238095238 0.6468253968253969 0.012896825396825396 0.015873015873015872
0 0.9756944444444444 0.7073412698412699 0.031001984126984128 0.028439153439153438
0 0.9892113095238095 0.7270171957671958 0.011904761904761904 0.017195767195767195
0 0.9775545634920635 0.7452050264550265 0.011904761904761904 0.012896825396825396
0 0.9820188492063492 0.8252314814814815 0.017857142857142856 0.022156084656084655
0 0.9345238095238095 0.8447420634920635 0.007688492063492063 0.009259259259259259
0 0.9477926587301587 0.7847222222222222 0.008432539682539682 0.009259259259259259
0 0.9319196428571429 0.7640542328042328 0.011160714285714286 0.00958994708994709
0 0.9443204365079365 0.7440476190476191 0.008432539682539682 0.008928571428571428
0 0.8751240079365079 0.84375 0.014136904761904762 0.01521164021164021
0 0.8689236111111112 0.7625661375661376 0.006696428571428571 0.009259259259259259
0 0.9139384920634921 0.7076719576719577 0.018601190476190476 0.023478835978835978
0 0.8663194444444444 0.6870039682539683 0.023313492063492064 0.02943121693121693
0 0.923859126984127 0.6488095238095238 0.02058531746031746 0.023148148148148147
0 0.8772321428571429 0.6218584656084656 0.033234126984126984 0.03273809523809524
0 0.9346478174603174 0.5854828042328042 0.028521825396825396 0.040674603174603176
0 0.919890873015873 0.5709325396825397 0.012648809523809524 0.01455026455026455
0 0.8878968253968254 0.535218253968254 0.014136904761904762 0.012896825396825396
0 0.9025297619047619 0.5143849206349206 0.011904761904761904 0.015873015873015872
0 0.9108382936507936 0.45717592592592593 0.032242063492063495 0.026785714285714284
0 0.8694196428571429 0.44229497354497355 0.018849206349206348 0.023809523809523808
0 0.19915674603174602 0.07539682539682539 0.031994047619047616 0.02943121693121693
0 0.24851190476190477 0.0710978835978836 0.018105158730158732 0.0248015873015873
0 0.2785218253968254 0.10681216931216932 0.024057539682539684 0.03869047619047619
0 0.3013392857142857 0.06382275132275132 0.027529761904761904 0.04133597883597884
0 0.3531746031746032 0.055224867724867725 0.03819444444444445 0.02976190476190476
0 0.4193948412698413 0.05324074074074074 0.02628968253968254 0.03968253968253968
0 0.47507440476190477 0.05092592592592592 0.044890873015873016 0.04332010582010582
0 0.5291418650793651 0.049933862433862435 0.03298611111111111 0.04298941798941799
0 0.5855654761904762 0.057539682539682536 0.03125 0.04265873015873016
0 0.6135912698412699 0.09507275132275132 0.025793650793650792 0.03802910052910053
0 0.6687748015873016 0.09738756613756613 0.027529761904761904 0.03968253968253968
0 0.7233382936507936 0.09275793650793651 0.021081349206349208 0.031084656084656083
0 0.6974206349206349 0.06018518518518518 0.020833333333333332 0.0248015873015873
0 0.7196180555555556 0.17509920634920634 0.026785714285714284 0.03802910052910053
0 0.6626984126984127 0.17542989417989419 0.03993055555555555 0.0333994708994709
0 0.6641865079365079 0.2509920634920635 0.018849206349206348 0.028439153439153438
0 0.689484126984127 0.28587962962962965 0.021577380952380952 0.026785714285714284
0 0.7114335317460317 0.31977513227513227 0.03447420634920635 0.05423280423280423
0 0.7352430555555556 0.33465608465608465 0.007192460317460317 0.03439153439153439
0 0.6852678571428571 0.35400132275132273 0.033234126984126984 0.02943121693121693
0 0.7134176587301587 0.4070767195767196 0.026785714285714284 0.05291005291005291
0 0.6563740079365079 0.39037698412698413 0.021825396825396824 0.023148148148148147
0 0.6795634920634921 0.42939814814814814 0.03125 0.03406084656084656
0 0.714781746031746 0.46048280423280424 0.019345238095238096 0.02414021164021164
0 0.6955605158730159 0.49520502645502645 0.022321428571428572 0.028108465608465607
0 0.716765873015873 0.5262896825396826 0.028025793650793652 0.03406084656084656
0 0.7326388888888888 0.5583664021164021 0.007192460317460317 0.03835978835978836
0 0.7124255952380952 0.5889550264550265 0.03249007936507937 0.0419973544973545
0 0.6682787698412699 0.5826719576719577 0.03546626984126984 0.04894179894179894
0 0.6388888888888888 0.5590277777777778 0.018105158730158732 0.020833333333333332
0 0.6450892857142857 0.6286375661375662 0.02554563492063492 0.0333994708994709
0 0.7302827380952381 0.6884920634920635 0.002728174603174603 0.0496031746031746
0 0.7307787698412699 0.7514880952380952 0.005952380952380952 0.023478835978835978
0 0.7296626984126984 0.8659060846560847 0.00496031746031746 0.02017195767195767
0 0.640625 0.685515873015873 0.025793650793650792 0.036375661375661374
0 0.6664186507936508 0.7157738095238095 0.019345238095238096 0.02414021164021164
0 0.7156498015873016 0.7162698412698413 0.018105158730158732 0.05588624338624339
0 0.6670386904761905 0.7397486772486772 0.027777777777777776 0.0205026455026455
0 0.6421130952380952 0.75 0.014384920634920634 0.012896825396825396
0 0.6651785714285714 0.7800925925925926 0.009424603174603174 0.00958994708994709
0 0.691468253968254 0.8077050264550265 0.011656746031746032 0.008267195767195767
0 0.7175099206349206 0.8358134920634921 0.014136904761904762 0.012566137566137565
0 0.697296626984127 0.8940145502645502 0.009176587301587302 0.01521164021164021
0 0.683531746031746 0.9249338624338624 0.015873015873015872 0.016534391534391533
0 0.6555059523809523 0.8983134920634921 0.017857142857142856 0.0291005291005291
0 0.6349206349206349 0.9305555555555556 0.012896825396825396 0.01488095238095238
0 0.6561259920634921 0.8318452380952381 0.013392857142857142 0.01917989417989418
0 0.5727926587301587 0.9126984126984127 0.016617063492063492 0.017195767195767195
0 0.5938740079365079 0.9403108465608465 0.01066468253968254 0.01455026455026455
0 0.5494791666666666 0.9479166666666666 0.008928571428571428 0.013888888888888888
0 0.5260416666666666 0.9181547619047619 0.021577380952380952 0.030753968253968252
0 0.5003720238095238 0.9565145502645502 0.010168650793650794 0.01455026455026455
0 0.5009920634920635 0.8880621693121693 0.010168650793650794 0.01521164021164021
0 0.4759424603174603 0.9297288359788359 0.010912698412698412 0.014219576719576719
0 0.4497767857142857 0.8940145502645502 0.009424603174603174 0.012235449735449735
0 0.42299107142857145 0.9360119047619048 0.016121031746031748 0.021494708994708994
0 0.3933531746031746 0.9708994708994709 0.021577380952380952 0.01917989417989418
0 0.36594742063492064 0.9323743386243386 0.023313492063492064 0.03207671957671958
0 0.3396577380952381 0.8981481481481481 0.016617063492063492 0.020833333333333332
0 0.3410218253968254 0.9656084656084656 0.015376984126984126 0.021164021164021163
0 0.31473214285714285 0.9338624338624338 0.010168650793650794 0.012896825396825396
0 0.2619047619047619 0.9338624338624338 0.05109126984126984 0.06779100529100529
0 0.23685515873015872 0.8902116402116402 0.013640873015873016 0.017195767195767195
0 0.21143353174603174 0.9307208994708994 0.023313492063492064 0.021494708994708994
0 0.18365575396825398 0.958994708994709 0.010912698412698412 0.014219576719576719
0 0.16034226190476192 0.9222883597883598 0.021081349206349208 0.031746031746031744
0 0.11235119047619048 0.9229497354497355 0.012896825396825396 0.017195767195767195
0 0.0859375 0.9500661375661376 0.013392857142857142 0.01521164021164021
0 0.04290674603174603 0.8842592592592593 0.01314484126984127 0.011243386243386243
0 0.11681547619047619 0.8510251322751323 0.013392857142857142 0.012566137566137565
0 0.1640625 0.8533399470899471 0.015128968253968254 0.023478835978835978
0 0.14322916666666666 0.8139880952380952 0.015873015873015872 0.01488095238095238
0 0.21515376984126985 0.8531746031746031 0.008928571428571428 0.01488095238095238
0 0.14657738095238096 0.7428902116402116 0.027281746031746032 0.03207671957671958
0 0.12276785714285714 0.7093253968253969 0.021825396825396824 0.03273809523809524
0 0.07787698412698413 0.7040343915343915 0.020337301587301588 0.03505291005291005
0 0.10081845238095238 0.6704695767195767 0.02554563492063492 0.026785714285714284
0 0.17373511904761904 0.7061838624338624 0.02554563492063492 0.0291005291005291
0 0.12834821428571427 0.6392195767195767 0.015376984126984126 0.022486772486772486
0 0.1974206349206349 0.6731150793650794 0.029513888888888888 0.03207671957671958
0 0.22296626984126985 0.7053571428571429 0.030009920634920636 0.04133597883597884
0 0.2244543650793651 0.6382275132275133 0.020833333333333332 0.046296296296296294
0 0.15215773809523808 0.6021825396825397 0.01711309523809524 0.021164021164021163
0 0.12946428571428573 0.5671296296296297 0.015625 0.022156084656084655
0 0.17720734126984128 0.5691137566137566 0.023809523809523808 0.03835978835978836
0 0.20238095238095238 0.5307539682539683 0.033482142857142856 0.05125661375661376
0 0.1558779761904762 0.5317460317460317 0.044890873015873016 0.023478835978835978
0 0.17906746031746032 0.5011574074074074 0.016617063492063492 0.026785714285714284
0 0.11222718253968254 0.4699074074074074 0.016617063492063492 0.01984126984126984
0 0.19717261904761904 0.4320436507936508 0.015376984126984126 0.017195767195767195
0 0.15203373015873015 0.40757275132275134 0.024553571428571428 0.04265873015873016
0 0.20374503968253968 0.4007936507936508 0.026537698412698412 0.028769841269841268
0 0.1470734126984127 0.33647486772486773 0.03422619047619048 0.021825396825396824
0 0.19828869047619047 0.3325066137566138 0.043402777777777776 0.044642857142857144
0 0.2435515873015873 0.328207671957672 0.016617063492063492 0.02546296296296296
0 0.21750992063492064 0.29728835978835977 0.03149801587301587 0.03306878306878307
0 0.18898809523809523 0.26421957671957674 0.018601190476190476 0.02513227513227513
0 0.18303571428571427 0.1906415343915344 0.022569444444444444 0.03373015873015873
0 0.23425099206349206 0.18683862433862433 0.017857142857142856 0.025793650793650792
0 0.26103670634920634 0.17741402116402116 0.010168650793650794 0.021494708994708994
0 0.28435019841269843 0.18237433862433863 0.01488095238095238 0.021825396825396824
0 0.5002480158730159 0.09639550264550265 0.01984126984126984 0.025793650793650792
0 0.4728422619047619 0.13558201058201058 0.044642857142857144 0.06382275132275132
0 0.4201388888888889 0.13508597883597884 0.024057539682539684 0.031746031746031744
0 0.44680059523809523 0.1722883597883598 0.016121031746031748 0.023809523809523808
0 0.5571676587301587 0.13657407407407407 0.016121031746031748 0.021494708994708994
0 0.6108630952380952 0.17096560846560846 0.017609126984126984 0.023148148148148147
0 0.5823412698412699 0.2101521164021164 0.03050595238095238 0.03406084656084656
0 0.6083829365079365 0.24933862433862433 0.033482142857142856 0.05853174603174603
0 0.580109126984127 0.28587962962962965 0.022569444444444444 0.027116402116402115
0 0.5529513888888888 0.2511574074074074 0.027281746031746032 0.04861111111111111
0 0.5283978174603174 0.2857142857142857 0.023809523809523808 0.026785714285714284
0 0.6351686507936508 0.2837301587301587 0.027529761904761904 0.04332010582010582
0 0.6576140873015873 0.322255291005291 0.033234126984126984 0.0419973544973545
0 0.6292162698412699 0.36044973544973546 0.030257936507936508 0.03736772486772487
0 0.5807291666666666 0.35466269841269843 0.0496031746031746 0.05654761904761905
0 0.6290922619047619 0.42576058201058203 0.01711309523809524 0.020833333333333332