0 0.09259259259259259 0.7123015873015873 0.037037037037037035 0.03521825396825397
0 0.5631613756613757 0.5018601190476191 0.10317460317460317 0.06671626984126984
0 0.576223544973545 0.5829613095238095 0.06779100529100529 0.05580357142857143
0 0.5834986772486772 0.6595982142857143 0.06382275132275132 0.0441468253968254
0 0.5684523809523809 0.7136656746031746 0.0205026455026455 0.027281746031746032
0 0.6372354497354498 0.6974206349206349 0.06613756613756613 0.05927579365079365
0 0.6808862433862434 0.5767609126984127 0.036375661375661374 0.058779761904761904
0 0.6197089947089947 0.5378224206349206 0.03306878306878307 0.02058531746031746
0 0.6651785714285714 0.49975198412698413 0.03505291005291005 0.044642857142857144
0 0.640707671957672 0.4635416666666667 0.02976190476190476 0.0220734126984127
0 0.7091600529100529 0.4585813492063492 0.034722222222222224 0.0248015873015873
0 0.6531084656084656 0.4244791666666667 0.03802910052910053 0.024057539682539684
0 0.6529431216931217 0.3498263888888889 0.03306878306878307 0.05530753968253968
0 0.6357473544973545 0.2734375 0.05324074074074074 0.040674603174603176
0 0.5752314814814815 0.24603174603174602 0.05853174603174603 0.04439484126984127
0 0.48412698412698413 0.25756448412698413 0.0744047619047619 0.09350198412698413
0 0.6026785714285714 0.3940972222222222 0.031084656084656083 0.022817460317460316
0 0.5444775132275133 0.36867559523809523 0.1207010582010582 0.10119047619047619
0 0.49421296296296297 0.33196924603174605 0.04794973544973545 0.042162698412698416
0 0.45849867724867727 0.3736359126984127 0.05291005291005291 0.02554563492063492
0 0.5128968253968254 0.4729662698412698 0.028769841269841268 0.016617063492063492
0 0.46296296296296297 0.4507688492063492 0.0248015873015873 0.031746031746031744
0 0.4224537037037037 0.41381448412698413 0.042328042328042326 0.030257936507936508
0 0.37781084656084657 0.45300099206349204 0.022817460317460316 0.018601190476190476
0 0.4226190476190476 0.48449900793650796 0.06382275132275132 0.044890873015873016
0 0.4689153439153439 0.5128968253968254 0.027777777777777776 0.01636904761904762
0 0.4365079365079365 0.5339781746031746 0.01025132275132275 0.007936507936507936
0 0.43816137566137564 0.7046130952380952 0.046957671957671955 0.030753968253968252
0 0.48131613756613756 0.6629464285714286 0.04365079365079365 0.03422619047619048
0 0.43171296296296297 0.6247519841269841 0.02447089947089947 0.018601190476190476
0 0.34672619047619047 0.6323164682539683 0.03802910052910053 0.04935515873015873
0 0.3002645502645503 0.6717509920634921 0.05191798941798942 0.0339781746031746
0 0.35168650793650796 0.7037450396825397 0.05919312169312169 0.04241071428571429
0 0.5014880952380952 0.8220486111111112 0.03802910052910053 0.016617063492063492
0 0.5459656084656085 0.7833581349206349 0.046957671957671955 0.036210317460317464
0 0.7075066137566137 0.8263888888888888 0.028439153439153438 0.026785714285714284
0 0.7600859788359788 0.7738095238095238 0.046957671957671955 0.04241071428571429
0 0.746031746031746 0.7263144841269841 0.011574074074074073 0.008680555555555556
0 0.7048611111111112 0.6961805555555556 0.023809523809523808 0.05530753968253968
0 0.7452050264550265 0.691468253968254 0.03306878306878307 0.030753968253968252
0 0.8186177248677249 0.6026785714285714 0.08465608465608465 0.0716765873015873
0 0.8034060846560847 0.5544394841269841 0.016865079365079364 0.02976190476190476
0 0.7752976190476191 0.5705605158730159 0.03439153439153439 0.025297619047619048
0 0.7228835978835979 0.5339781746031746 0.03306878306878307 0.022321428571428572
0 0.765542328042328 0.519593253968254 0.05191798941798942 0.04389880952380952
0 0.8754960317460317 0.48623511904761907 0.02976190476190476 0.025793650793650792
0 0.8207671957671958 0.45287698412698413 0.016865079365079364 0.015376984126984126
0 0.8625992063492064 0.44928075396825395 0.03042328042328042 0.020337301587301588
0 0.7084986772486772 0.40612599206349204 0.042328042328042326 0.036458333333333336
0 0.796792328042328 0.3785962301587302 0.04927248677248677 0.028273809523809524
0 0.7357804232804233 0.3505704365079365 0.06812169312169312 0.04538690476190476
0 0.7961309523809523 0.30009920634920634 0.06448412698412699 0.04935515873015873
0 0.7337962962962963 0.2631448412698413 0.04794973544973545 0.05431547619047619
0 0.7256944444444444 0.20399305555555555 0.02943121693121693 0.022321428571428572
0 0.8118386243386243 0.16046626984126985 0.16732804232804233 0.10069444444444445
0 0.7258597883597884 0.09771825396825397 0.03439153439153439 0.028521825396825396
0 0.6846891534391535 0.15500992063492064 0.07374338624338625 0.06101190476190476
0 0.6220238095238095 0.19171626984126985 0.045304232804232805 0.034722222222222224
0 0.5639880952380952 0.16170634920634921 0.034722222222222224 0.024057539682539684
0 0.42394179894179895 0.2214781746031746 0.044642857142857144 0.042162698412698416
0 0.4088955026455027 0.14546130952380953 0.027447089947089946 0.025297619047619048
0 0.3644179894179894 0.14459325396825398 0.017857142857142856 0.023561507936507936
0 0.314484126984127 0.16021825396825398 0.035383597883597885 0.02703373015873016
0 0.2230489417989418 0.17385912698412698 0.0419973544973545 0.03720238095238095
0 0.38227513227513227 0.27356150793650796 0.08697089947089948 0.07663690476190477
0 0.24024470899470898 0.25210813492063494 0.032407407407407406 0.028769841269841268
0 0.2941468253968254 0.28162202380952384 0.057539682539682536 0.03422619047619048
0 0.3445767195767196 0.310515873015873 0.03207671957671958 0.025793650793650792
0 0.40492724867724866 0.34399801587301587 0.04034391534391534 0.03249007936507937
0 0.36408730158730157 0.3812003968253968 0.06448412698412699 0.04241071428571429
0 0.26256613756613756 0.322296626984127 0.07936507936507936 0.042162698412698416
0 0.17311507936507936 0.33407738095238093 0.059854497354497355 0.024553571428571428
0 0.2786044973544973 0.3923611111111111 0.04794973544973545 0.029513888888888888
0 0.27099867724867727 0.42584325396825395 0.027777777777777776 0.01711309523809524
0 0.18667328042328044 0.4056299603174603 0.04431216931216931 0.044642857142857144
0 0.125 0.47470238095238093 0.028108465608465607 0.020337301587301588
0 0.24537037037037038 0.4976438492063492 0.03141534391534392 0.025297619047619048
0 0.29133597883597884 0.5240575396825397 0.060515873015873016 0.05357142857142857
0 0.2080026455026455 0.53125 0.07936507936507936 0.028273809523809524
0 0.25132275132275134 0.5665922619047619 0.042328042328042326 0.03844246031746032
0 0.1648478835978836 0.5696924603174603 0.027777777777777776 0.022321428571428572
0 0.2101521164021164 0.6028025793650794 0.031084656084656083 0.022817460317460316
0 0.26008597883597884 0.7084573412698413 0.045304232804232805 0.030009920634920636
0 0.17179232804232805 0.6427331349206349 0.027777777777777776 0.022569444444444444
0 0.24239417989417988 0.04724702380952381 0.05853174603174603 0.03447420634920635
0 0.3330026455026455 0.030753968253968252 0.03306878306878307 0.029513888888888888
0 0.39203042328042326 0.06274801587301587 0.04728835978835979 0.04538690476190476
0 0.4330357142857143 0.016245039682539684 0.05324074074074074 0.03249007936507937
0 0.5381944444444444 0.0013640873015873015 0.040013227513227514 0.002728174603174603
0 0.6708002645502645 0.061507936507936505 0.04662698412698413 0.03794642857142857
0 0.7756283068783069 0.05084325396825397 0.09193121693121693 0.0689484126984127
0 0.8296957671957672 0.005828373015873016 0.04133597883597884 0.011656746031746032
0 0.9474206349206349 0.03546626984126984 0.03306878306878307 0.023065476190476192
0 0.9861111111111112 0.11569940476190477 0.027777777777777776 0.03993055555555555
0 0.9446097883597884 0.16741071428571427 0.056216931216931214 0.056299603174603176
0 0.9895833333333334 0.20300099206349206 0.020833333333333332 0.03125
0 0.8951719576719577 0.21143353174603174 0.04894179894179894 0.03125
0 0.9776785714285714 0.28683035714285715 0.044642857142857144 0.056299603174603176
0 0.8377976190476191 0.25458829365079366 0.03869047619047619 0.040426587301587304
0 0.8948412698412699 0.29092261904761907 0.08697089947089948 0.05381944444444445
0 0.9775132275132276 0.3661954365079365 0.04497354497354497 0.06646825396825397
0 0.8447420634920635 0.33469742063492064 0.037037037037037035 0.028521825396825396
0 0.8558201058201058 0.41021825396825395 0.08961640211640212 0.05505952380952381
0 0.9260912698412699 0.44642857142857145 0.04365079365079365 0.029513888888888888
0 0.9690806878306878 0.4852430555555556 0.06183862433862434 0.05357142857142857
0 0.9315476190476191 0.519469246031746 0.03141534391534392 0.024305555555555556
0 0.9634589947089947 0.5437748015873016 0.07308201058201058 0.06349206349206349
0 0.9849537037037037 0.6178075396825397 0.03009259259259259 0.031001984126984128
0 0.9588293650793651 0.6457093253968254 0.05092592592592592 0.037450396825396824
0 0.9126984126984127 0.6026785714285714 0.036044973544973546 0.029017857142857144
0 0.8721891534391535 0.6418650793650794 0.031084656084656083 0.022569444444444444
0 0.9181547619047619 0.675843253968254 0.036044973544973546 0.02976190476190476
0 0.9684193121693122 0.7151537698412699 0.02976190476190476 0.035962301587301584
0 0.8831018518518519 0.7214781746031746 0.03009259259259259 0.028025793650793652
0 0.9513888888888888 0.8421378968253969 0.027447089947089946 0.021081349206349208
0 0.8604497354497355 0.8492063492063492 0.026455026455026454 0.022321428571428572
0 0.9153439153439153 0.886656746031746 0.02017195767195767 0.017361111111111112
0 0.9662698412698413 0.9175347222222222 0.04133597883597884 0.03447420634920635
0 0.9272486772486772 0.964905753968254 0.01984126984126984 0.018353174603174604
0 0.8773148148148148 0.9375 0.0205026455026455 0.015873015873015872
0 0.8224206349206349 0.8993055555555556 0.018187830687830687 0.013888888888888888
0 0.7824074074074074 0.9513888888888888 0.03406084656084656 0.024305555555555556
0 0.6650132275132276 0.9482886904761905 0.047619047619047616 0.037450396825396824
0 0.7281746031746031 0.9914434523809523 0.04563492063492063 0.01711309523809524
0 0.6188822751322751 0.9874751984126984 0.031746031746031744 0.023313492063492064
0 0.5613425925925926 0.9510168650793651 0.01984126984126984 0.01488095238095238
0 0.6066468253968254 0.9103422619047619 0.03141534391534392 0.022817460317460316
0 0.45634920634920634 0.9508928571428571 0.10152116402116403 0.07539682539682539
0 0.40228174603174605 0.902281746031746 0.026124338624338623 0.018601190476190476
0 0.3599537037037037 0.9465525793650794 0.04365079365079365 0.025049603174603176
0 0.31117724867724866 0.9776785714285714 0.020833333333333332 0.015128968253968254
0 0.2630621693121693 0.9371279761904762 0.03935185185185185 0.03373015873015873
0 0.3559854497354497 0.8619791666666666 0.016865079365079364 0.016121031746031748
0 0.2614087301587302 0.8637152777777778 0.027447089947089946 0.024553571428571428
0 0.1767526455026455 0.9391121031746031 0.023148148148148147 0.017857142857142856
0 0.13260582010582012 0.9676339285714286 0.022817460317460316 0.016121031746031748
0 0.051587301587301584 0.8988095238095238 0.023148148148148147 0.010912698412698412
0 0.17592592592592593 0.8621031746031746 0.023478835978835978 0.013640873015873016
0 0.21924603174603174 0.8221726190476191 0.026455026455026454 0.016121031746031748
0 0.21626984126984128 0.7487599206349206 0.04728835978835979 0.0339781746031746
0 0.16997354497354497 0.714905753968254 0.03968253968253968 0.032242063492063495
0 0.12797619047619047 0.6767113095238095 0.04365079365079365 0.028025793650793652