0 0.031806615776081425 0.4491392801251956 0.035623409669211195 0.018388106416275432
0 0.03477523324851569 0.48826291079812206 0.024597116200169637 0.01056338028169014
0 0.08057675996607294 0.45970266040688573 0.02544529262086514 0.020735524256651018
0 0.10178117048346055 0.4307511737089202 0.02544529262086514 0.01564945226917058
0 0.10983884648006785 0.45735524256651017 0.027989821882951654 0.014084507042253521
0 0.07760814249363868 0.4937402190923318 0.015267175572519083 0.01486697965571205
0 0.06149279050042409 0.5107589984350548 0.024597116200169637 0.009780907668231613
0 0.018659881255301103 0.5217136150234741 0.037319762510602206 0.023474178403755867
0 0.07888040712468193 0.5158450704225352 0.015267175572519083 0.014475743348982786
0 0.08778625954198473 0.5086071987480438 0.021204410517387615 0.01643192488262911
0 0.12001696352841391 0.49061032863849763 0.04664970313825276 0.03834115805946792
0 0.14461407972858353 0.477112676056338 0.017811704834605598 0.014475743348982786
0 0.15351993214588636 0.465962441314554 0.017811704834605598 0.008215962441314555
0 0.16030534351145037 0.45618153364632236 0.02374893977947413 0.012519561815336464
0 0.15691263782866835 0.4387715179968701 0.016963528413910092 0.012128325508607199
0 0.136980491942324 0.4336854460093897 0.020356234096692113 0.008998435054773083
0 0.1475826972010178 0.4194053208137715 0.021204410517387615 0.011737089201877934
0 0.1272264631043257 0.3996478873239437 0.02205258693808312 0.010954616588419406
0 0.15012722646310434 0.3926056338028169 0.024597116200169637 0.012519561815336464
0 0.1709075487701442 0.4102112676056338 0.021204410517387615 0.018779342723004695
0 0.18023748939779474 0.3781298904538341 0.01102629346904156 0.008215962441314555
0 0.20780322307039864 0.37832550860719877 0.018659881255301103 0.014475743348982786
0 0.19592875318066158 0.418622848200313 0.013570822731128074 0.008215962441314555
0 0.19338422391857507 0.45442097026604067 0.01441899915182358 0.012128325508607199
0 0.16793893129770993 0.48708920187793425 0.016963528413910092 0.010954616588419406
0 0.181509754028838 0.4878716744913928 0.026293469041560644 0.014475743348982786
0 0.1556403731976251 0.5023474178403756 0.009329940627650551 0.005868544600938967
0 0.16412213740458015 0.508998435054773 0.02374893977947413 0.016823161189358372
0 0.15351993214588636 0.5187793427230047 0.024597116200169637 0.010172143974960876
0 0.15691263782866835 0.5350156494522692 0.01102629346904156 0.006259780907668232
0 0.136980491942324 0.5299295774647887 0.030534351145038167 0.017996870109546165
0 0.12086513994910941 0.5342331768388107 0.02544529262086514 0.013302034428794992
0 0.09626802374893978 0.5316901408450704 0.015267175572519083 0.009389671361502348
0 0.06658184902459711 0.5463615023474179 0.02714164546225615 0.009389671361502348
0 0.018659881255301103 0.5426447574334898 0.032230703986429174 0.018779342723004695
0 0.027989821882951654 0.5751173708920188 0.04580152671755725 0.021517996870109544
0 0.054707379134860054 0.5841158059467919 0.01272264631043257 0.007433489827856025
0 0.06870229007633588 0.5841158059467919 0.011874469889737066 0.004694835680751174
0 0.0916030534351145 0.5729655712050078 0.009329940627650551 0.006651017214397496
0 0.08948261238337574 0.560054773082942 0.007633587786259542 0.005086071987480438
0 0.1005089058524173 0.5641627543035994 0.02544529262086514 0.018388106416275432
0 0.11620016963528414 0.5725743348982786 0.02205258693808312 0.011737089201877934
0 0.11535199321458864 0.5528169014084507 0.016963528413910092 0.014475743348982786
0 0.14715860899067007 0.5455790297339593 0.01272264631043257 0.008607198748043818
0 0.13740458015267176 0.5571205007824727 0.015267175572519083 0.013693270735524257
0 0.1272264631043257 0.5633802816901409 0.013570822731128074 0.00782472613458529
0 0.11068702290076336 0.5782472613458529 0.02205258693808312 0.010954616588419406
0 0.10474978795589483 0.5856807511737089 0.02883799830364716 0.01643192488262911
0 0.09541984732824428 0.5991784037558685 0.010178117048346057 0.006651017214397496
0 0.04495335029686175 0.5944835680751174 0.017811704834605598 0.007433489827856025
0 0.011874469889737066 0.5827464788732394 0.017811704834605598 0.008607198748043818
0 0.06446140797285835 0.6017214397496088 0.013570822731128074 0.006651017214397496
0 0.08736217133163698 0.6105242566510172 0.018659881255301103 0.007433489827856025
0 0.12595419847328243 0.6193270735524257 0.01272264631043257 0.003912363067292645
0 0.11153519932145886 0.6181533646322379 0.016963528413910092 0.007042253521126761
0 0.0542832909245123 0.6003521126760564 0.011874469889737066 0.007433489827856025
0 0.027989821882951654 0.5870500782472613 0.011874469889737066 0.007433489827856025
0 0.1272264631043257 0.6034820031298904 0.019508057675996608 0.008998435054773083
0 0.14546225614927905 0.5780516431924883 0.03477523324851569 0.01134585289514867
0 0.17302798982188294 0.5602503912363067 0.021204410517387615 0.009780907668231613
0 0.2179813401187447 0.5893974960876369 0.016963528413910092 0.009780907668231613
0 0.17769296013570823 0.6068075117370892 0.04240882103477523 0.012910798122065728
0 0.16666666666666666 0.6185446009389671 0.04580152671755725 0.012128325508607199
0 0.14122137404580154 0.6273474178403756 0.03477523324851569 0.014475743348982786
0 0.17302798982188294 0.6294992175273866 0.02714164546225615 0.008998435054773083
0 0.20865139949109415 0.6324334898278561 0.019508057675996608 0.007433489827856025
0 0.20865139949109415 0.6148278560250391 0.026293469041560644 0.010172143974960876
0 0.21162001696352842 0.6038732394366197 0.01441899915182358 0.005868544600938967
0 0.23536895674300254 0.6185446009389671 0.024597116200169637 0.007433489827856025
0 0.22731128074639526 0.6032863849765259 0.01272264631043257 0.005086071987480438
0 0.2472434266327396 0.5868544600938967 0.02544529262086514 0.011737089201877934
0 0.26632739609838846 0.5678794992175273 0.026293469041560644 0.01056338028169014
0 0.2777777777777778 0.5772691705790297 0.021204410517387615 0.005868544600938967
0 0.25572519083969464 0.5393192488262911 0.01441899915182358 0.007433489827856025
0 0.2731128074639525 0.5283646322378717 0.020356234096692113 0.008998435054773083
0 0.23155216284987276 0.5154538341158059 0.06530958439355386 0.01917057902973396
0 0.2968617472434266 0.4673317683881064 0.02883799830364716 0.011737089201877934
0 0.30916030534351147 0.5254303599374022 0.0364715860899067 0.03286384976525822
0 0.3286683630195081 0.5483176838810642 0.03477523324851569 0.010172143974960876
0 0.2862595419847328 0.5637715179968701 0.019508057675996608 0.008607198748043818
0 0.3087362171331637 0.5692488262910798 0.019508057675996608 0.008998435054773083
0 0.30746395250212044 0.5782472613458529 0.018659881255301103 0.008215962441314555
0 0.402459711620017 0.4757433489827856 0.037319762510602206 0.01056338028169014
0 0.37871077184054286 0.4327073552425665 0.03816793893129771 0.012519561815336464
0 0.33121289228159456 0.4194053208137715 0.07548770144189991 0.030125195618153366
0 0.3914334181509754 0.3926056338028169 0.04495335029686175 0.017605633802816902
0 0.36683630195080574 0.34507042253521125 0.041560644614079725 0.017605633802816902
0 0.2561492790500424 0.30203442879499215 0.030534351145038167 0.017996870109546165
0 0.3324851569126378 0.3004694835680751 0.04071246819338423 0.018388106416275432
0 0.41603053435114506 0.306924882629108 0.0729431721798134 0.035211267605633804
0 0.4758269720101781 0.2705399061032864 0.0720949957591179 0.027386541471048513
0 0.46098388464800677 0.34683098591549294 0.06191687871077184 0.03403755868544601
0 0.6793893129770993 0.3077073552425665 0.05343511450381679 0.029342723004694836
0 0.6000848176420696 0.34017996870109546 0.06870229007633588 0.03716744913928013
0 0.7184054283290925 0.3333333333333333 0.039016115351993216 0.05438184663536776
0 0.6039016115351993 0.3798904538341158 0.05258693808312129 0.017996870109546165
0 0.4444444444444444 0.40923317683881066 0.039016115351993216 0.030125195618153366
0 0.5229007633587787 0.41099374021909235 0.061068702290076333 0.028560250391236306
0 0.5945716709075488 0.42996870109546165 0.033927056827820185 0.027386541471048513
0 0.6314673452078032 0.4194053208137715 0.031382527565733676 0.009389671361502348
0 0.6611535199321459 0.4076682316118936 0.020356234096692113 0.013302034428794992
0 0.5335029686174725 0.45715962441314556 0.0720949957591179 0.025821596244131457
0 0.5746395250212044 0.4673317683881064 0.033927056827820185 0.013693270735524257
0 0.6467345207803223 0.460093896713615 0.022900763358778626 0.00782472613458529
0 0.7417302798982188 0.43779342723004694 0.056827820186598814 0.03403755868544601
0 0.7094995759117897 0.47124413145539906 0.037319762510602206 0.01917057902973396
0 0.8312128922815946 0.36678403755868544 0.05258693808312129 0.06651017214397496
0 0.864715860899067 0.39456181533646323 0.02544529262086514 0.012519561815336464
0 0.8918575063613231 0.3935837245696401 0.024597116200169637 0.014084507042253521
0 0.8672603901611535 0.42644757433489827 0.02374893977947413 0.013693270735524257
0 0.8842239185750637 0.42801251956181535 0.01272264631043257 0.01056338028169014
0 0.9838846480067854 0.40512519561815336 0.032230703986429174 0.018388106416275432
0 0.9575911789652247 0.44033646322378717 0.027989821882951654 0.013302034428794992
0 0.9847328244274809 0.4520735524256651 0.030534351145038167 0.024256651017214397
0 0.863019508057676 0.4442488262910798 0.026293469041560644 0.012128325508607199
0 0.8142493638676844 0.4581377151799687 0.05004240882103478 0.025821596244131457
0 0.7938931297709924 0.4884585289514867 0.013570822731128074 0.008215962441314555
0 0.7892281594571671 0.4665492957746479 0.020356234096692113 0.012910798122065728
0 0.7489397794741306 0.4939358372456964 0.035623409669211195 0.01917057902973396
0 0.8405428329092451 0.4872848200312989 0.024597116200169637 0.014084507042253521
0 0.8833757421543681 0.47437402190923317 0.02374893977947413 0.025039123630672927
0 0.9465648854961832 0.4737871674491393 0.039016115351993216 0.016040688575899843
0 0.8922815945716709 0.5127151799687011 0.035623409669211195 0.016040688575899843
0 0.8053435114503816 0.5046948356807511 0.02544529262086514 0.008998435054773083
0 0.8295165394402035 0.5121283255086072 0.03477523324851569 0.018388106416275432
0 0.726039016115352 0.5219092331768388 0.029686174724342665 0.016040688575899843
0 0.6607294317217981 0.5064553990610329 0.037319762510602206 0.01643192488262911
0 0.6136556403731976 0.5193661971830986 0.024597116200169637 0.008998435054773083
0 0.6221374045801527 0.5357981220657277 0.09838846480067855 0.02112676056338028
0 0.5080576759966073 0.48258998435054773 0.029686174724342665 0.010954616588419406
0 0.5390161153519932 0.5023474178403756 0.04749787955894826 0.02269170579029734
0 0.5458015267175572 0.5226917057902973 0.03307888040712468 0.012910798122065728
0 0.5419847328244275 0.5338419405320813 0.0364715860899067 0.011737089201877934
0 0.5407124681933843 0.5504694835680751 0.031382527565733676 0.006651017214397496
0 0.44529262086513993 0.5305164319248826 0.041560644614079725 0.017996870109546165
0 0.4211195928753181 0.5612284820031299 0.026293469041560644 0.008215962441314555
0 0.30364715860899066 0.5980046948356808 0.04834605597964377 0.02034428794992175
0 0.27056827820186596 0.6070031298904538 0.019508057675996608 0.005868544600938967
0 0.2502120441051739 0.6146322378716745 0.013570822731128074 0.005868544600938967
0 0.26039016115351993 0.6226525821596244 0.015267175572519083 0.005477308294209703
0 0.2680237489397795 0.6310641627543035 0.01441899915182358 0.006651017214397496
0 0.23367260390161154 0.6353677621283255 0.016115351993214587 0.005868544600938967
0 0.22476675148430875 0.6259780907668232 0.022900763358778626 0.008215962441314555
0 0.23748939779474132 0.6418231611893583 0.04410517387616624 0.01564945226917058
0 0.17896522476675147 0.6402582159624414 0.0364715860899067 0.012128325508607199
0 0.22179813401187448 0.65160406885759 0.026293469041560644 0.007042253521126761
0 0.26208651399491095 0.6557120500782473 0.01441899915182358 0.004694835680751174
0 0.21925360474978794 0.6604068857589984 0.02205258693808312 0.007042253521126761
0 0.23960983884648007 0.6629499217527387 0.01272264631043257 0.004694835680751174
0 0.25233248515691264 0.6602112676056338 0.01272264631043257 0.005086071987480438
0 0.27905004240882103 0.6592331768388107 0.01272264631043257 0.003912363067292645
0 0.2900763358778626 0.6539514866979655 0.031382527565733676 0.010172143974960876
0 0.32273112807463955 0.6506259780907668 0.021204410517387615 0.00782472613458529
0 0.2913486005089059 0.6488654147104851 0.019508057675996608 0.004303599374021909
0 0.2879558948261238 0.636150234741784 0.016115351993214587 0.006259780907668232
0 0.30322307039864294 0.6332159624413145 0.030534351145038167 0.010954616588419406
0 0.30831212892281595 0.6189358372456965 0.0551314673452078 0.022300469483568074
0 0.38210347752332485 0.6195226917057903 0.022900763358778626 0.008607198748043818
0 0.4223918575063613 0.6173708920187794 0.020356234096692113 0.006651017214397496
0 0.3893129770992366 0.6433881064162754 0.022900763358778626 0.012910798122065728
0 0.43256997455470736 0.6400625978090767 0.02883799830364716 0.007433489827856025
0 0.4389312977099237 0.6494522691705791 0.019508057675996608 0.005477308294209703
0 0.3371501272264631 0.6572769953051644 0.016963528413910092 0.006259780907668232
0 0.33163698049194235 0.6619718309859155 0.031382527565733676 0.010172143974960876
0 0.3290924512298558 0.6827073552425665 0.013570822731128074 0.005868544600938967
0 0.3282442748091603 0.6735133020344288 0.05004240882103478 0.021517996870109544
0 0.3748939779474131 0.6919014084507042 0.04834605597964377 0.02190923317683881
0 0.2786259541984733 0.6748826291079812 0.026293469041560644 0.010172143974960876
0 0.2625106022052587 0.6662754303599374 0.011874469889737066 0.004303599374021909
0 0.24639525021204411 0.6697965571205008 0.013570822731128074 0.004694835680751174
0 0.2828668363019508 0.6643192488262911 0.027989821882951654 0.011737089201877934
0 0.3015267175572519 0.681924882629108 0.02544529262086514 0.016040688575899843
0 0.3155216284987277 0.6981611893583725 0.018659881255301103 0.006651017214397496
0 0.30831212892281595 0.7038341158059468 0.01102629346904156 0.006259780907668232
0 0.3944020356234097 0.685054773082942 0.01272264631043257 0.004303599374021909
0 0.39016115351993214 0.6735133020344288 0.016115351993214587 0.007433489827856025
0 0.40542832909245125 0.6697965571205008 0.018659881255301103 0.004694835680751174
0 0.4011874469889737 0.6811424100156495 0.017811704834605598 0.005868544600938967
0 0.4312977099236641 0.6858372456964006 0.031382527565733676 0.008215962441314555
0 0.40966921119592875 0.7216353677621283 0.013570822731128074 0.00782472613458529
0 0.38549618320610685 0.7282863849765259 0.01272264631043257 0.006651017214397496
0 0.4253604749787956 0.7333724569640062 0.031382527565733676 0.017214397496087636
0 0.4673452078032231 0.7126369327073553 0.015267175572519083 0.007433489827856025
0 0.49745547073791346 0.7247652582159625 0.019508057675996608 0.008215962441314555
0 0.5 0.7394366197183099 0.016115351993214587 0.008607198748043818
0 0.498303647158609 0.6866197183098591 0.019508057675996608 0.007433489827856025
0 0.4796437659033079 0.661189358372457 0.015267175572519083 0.006651017214397496
0 0.4944868532654792 0.6416275430359938 0.0720949957591179 0.029342723004694836
0 0.5292620865139949 0.6338028169014085 0.016115351993214587 0.007042253521126761
0 0.49279050042408823 0.6144366197183099 0.04240882103477523 0.011737089201877934
0 0.4830364715860899 0.5919405320813772 0.05767599660729432 0.016823161189358372
0 0.48346055979643765 0.6036776212832551 0.018659881255301103 0.006651017214397496
0 0.5245971162001697 0.6142410015649452 0.021204410517387615 0.008607198748043818
0 0.5534351145038168 0.5929186228482003 0.02714164546225615 0.008998435054773083
0 0.5703986429177269 0.5674882629107981 0.03986429177268872 0.013693270735524257
0 0.6272264631043257 0.5524256651017214 0.04240882103477523 0.014084507042253521
0 0.5835453774385072 0.5534037558685446 0.039016115351993216 0.014475743348982786
0 0.6259541984732825 0.581377151799687 0.030534351145038167 0.012910798122065728
0 0.5776081424936387 0.5821596244131455 0.035623409669211195 0.012519561815336464
0 0.5835453774385072 0.5950704225352113 0.029686174724342665 0.010172143974960876
0 0.5576759966072943 0.6068075117370892 0.02714164546225615 0.007433489827856025
0 0.5852417302798982 0.6091549295774648 0.02883799830364716 0.008215962441314555
0 0.6106870229007634 0.5976134585289515 0.017811704834605598 0.006651017214397496
0 0.6119592875318066 0.5880281690140845 0.021204410517387615 0.007433489827856025
0 0.6429177268871925 0.585093896713615 0.016115351993214587 0.010172143974960876
0 0.7150127226463104 0.573943661971831 0.022900763358778626 0.008607198748043818
0 0.7048346055979644 0.5455790297339593 0.032230703986429174 0.012128325508607199
0 0.7430025445292621 0.5291471048513302 0.04664970313825276 0.020735524256651018
0 0.7374893977947413 0.5467527386541471 0.030534351145038167 0.01056338028169014
0 0.7828668363019508 0.5293427230046949 0.03307888040712468 0.012910798122065728
0 0.7951653944020356 0.5618153364632238 0.031382527565733676 0.010172143974960876
0 0.8121289228159457 0.570226917057903 0.05089058524173028 0.014084507042253521
0 0.7179813401187447 0.5884194053208138 0.0364715860899067 0.010954616588419406
0 0.7052586938083121 0.6026995305164319 0.04664970313825276 0.010954616588419406
0 0.640373197625106 0.610133020344288 0.017811704834605598 0.009780907668231613
0 0.6170483460559797 0.6193270735524257 0.01441899915182358 0.007042253521126761
0 0.5916030534351145 0.6365414710485133 0.03307888040712468 0.01134585289514867
0 0.6467345207803223 0.6294992175273866 0.02544529262086514 0.010172143974960876
0 0.7107718405428329 0.6279342723004695 0.016963528413910092 0.01486697965571205
0 0.7527565733672604 0.6122848200312989 0.031382527565733676 0.01134585289514867
0 0.7701441899915182 0.6187402190923318 0.015267175572519083 0.005868544600938967
0 0.7977099236641222 0.594679186228482 0.015267175572519083 0.006259780907668232
0 0.9211195928753181 0.5674882629107981 0.07548770144189991 0.026604068857589983
0 0.9728583545377438 0.5461658841940532 0.021204410517387615 0.008607198748043818
0 0.9851569126378287 0.5579029733959311 0.019508057675996608 0.008607198748043818
0 0.9499575911789653 0.5952660406885759 0.02544529262086514 0.01056338028169014
0 0.8600508905852418 0.5982003129890454 0.011874469889737066 0.006259780907668232
0 0.7667514843087362 0.6392801251956182 0.06530958439355386 0.020735524256651018
0 0.8486005089058524 0.6255868544600939 0.030534351145038167 0.00782472613458529
0 0.8642917726887193 0.65160406885759 0.056827820186598814 0.01917057902973396
0 0.9088210347752332 0.6404538341158059 0.022900763358778626 0.007042253521126761
0 0.9376590330788804 0.6341940532081377 0.021204410517387615 0.007433489827856025
0 0.9749787955894826 0.6422143974960877 0.0364715860899067 0.010172143974960876
0 0.8180661577608143 0.6623630672926447 0.015267175572519083 0.005086071987480438
0 0.7663273960983885 0.6785993740219093 0.01441899915182358 0.005086071987480438
0 0.7319762510602206 0.6580594679186228 0.01441899915182358 0.005868544600938967
0 0.6785411365564037 0.6586463223787168 0.020356234096692113 0.009389671361502348
0 0.6280746395250212 0.6600156494522692 0.016115351993214587 0.009780907668231613
0 0.600932994062765 0.6588419405320813 0.035623409669211195 0.01564945226917058
0 0.6357082273112807 0.6846635367762128 0.01272264631043257 0.005086071987480438
0 0.6552162849872774 0.6858372456964006 0.016115351993214587 0.006651017214397496
0 0.6861747243426632 0.6846635367762128 0.01441899915182358 0.006259780907668232
0 0.6272264631043257 0.6964006259780907 0.013570822731128074 0.005477308294209703
0 0.5903307888040712 0.7126369327073553 0.016963528413910092 0.010172143974960876
0 0.7765055131467345 0.7208528951486698 0.01272264631043257 0.007042253521126761
0 0.8227311280746396 0.7294600938967136 0.015267175572519083 0.005868544600938967
0 0.9418999151823579 0.7290688575899843 0.013570822731128074 0.007042253521126761
0 0.5555555555555556 0.6932707355242567 0.0542832909245123 0.02034428794992175
0 0.5678541136556404 0.6799687010954617 0.021204410517387615 0.01134585289514867
0 0.5356234096692112 0.6619718309859155 0.02544529262086514 0.014084507042253521
0 0.5466497031382528 0.6476917057902973 0.02714164546225615 0.01056338028169014
0 0.6077184054283291 0.6469092331768388 0.016963528413910092 0.007433489827856025
0 0.42027141645462257 0.49295774647887325 0.031382527565733676 0.015258215962441314
0 0.002544529262086514 0.5007824726134585 0.005089058524173028 0.010172143974960876