0 0.3751653439153439 0.49181547619047616 0.035383597883597885 0.02554563492063492
0 0.5343915343915344 0.06076388888888889 0.03802910052910053 0.031001984126984128
0 0.638723544973545 0.11123511904761904 0.02943121693121693 0.023065476190476192
0 0.736276455026455 0.15290178571428573 0.0333994708994709 0.026537698412698412
0 0.6817129629629629 0.19171626984126985 0.05489417989417989 0.03844246031746032
0 0.7271825396825397 0.2364831349206349 0.0625 0.06125992063492063
0 0.7736441798941799 0.27529761904761907 0.0496031746031746 0.046875
0 0.6732804232804233 0.27356150793650796 0.0419973544973545 0.030009920634920636
0 0.669808201058201 0.3480902777777778 0.0916005291005291 0.060515873015873016
0 0.7589285714285714 0.35652281746031744 0.05555555555555555 0.03993055555555555
0 0.7557870370370371 0.42646329365079366 0.0333994708994709 0.022817460317460316
0 0.6583994708994709 0.42658730158730157 0.08333333333333333 0.06448412698412699
0 0.7706679894179894 0.49404761904761907 0.10714285714285714 0.08333333333333333
0 0.7642195767195767 0.5678323412698413 0.03439153439153439 0.021825396825396824
0 0.81630291005291 0.5936259920634921 0.06547619047619048 0.050595238095238096
0 0.7192460317460317 0.5993303571428571 0.036044973544973546 0.024057539682539684
0 0.7703373015873016 0.6409970238095238 0.047619047619047616 0.03546626984126984
0 0.7607473544973545 0.7010168650793651 0.04894179894179894 0.03819444444444445
0 0.8029100529100529 0.7312748015873016 0.034722222222222224 0.025297619047619048
0 0.8024140211640212 0.7560763888888888 0.050595238095238096 0.02132936507936508
0 0.7577711640211641 0.7669890873015873 0.026785714285714284 0.01314484126984127
0 0.796792328042328 0.7971230158730159 0.017195767195767195 0.00992063492063492
0 0.7066798941798942 0.7859623015873016 0.021825396825396824 0.018105158730158732
0 0.779265873015873 0.8511904761904762 0.02447089947089947 0.020089285714285716
0 0.6708002645502645 0.8276289682539683 0.017526455026455025 0.016617063492063492
0 0.6319444444444444 0.8706597222222222 0.01917989417989418 0.012152777777777778
0 0.5517526455026455 0.8836805555555556 0.026455026455026454 0.020337301587301588
0 0.4573412698412698 0.8903769841269841 0.03042328042328042 0.023561507936507936
0 0.36507936507936506 0.8121279761904762 0.046296296296296294 0.04241071428571429
0 0.30257936507936506 0.8650793650793651 0.028108465608465607 0.028273809523809524
0 0.3272156084656085 0.730530753968254 0.021494708994708994 0.05679563492063492
0 0.36474867724867727 0.7276785714285714 0.03373015873015873 0.03149801587301587
0 0.36144179894179895 0.7632688492063492 0.011904761904761904 0.008928571428571428
0 0.17294973544973544 0.4898313492063492 0.03306878306878307 0.017857142857142856
0 0.21941137566137567 0.5239335317460317 0.10681216931216932 0.06770833333333333
0 0.27132936507936506 0.5646081349206349 0.032407407407407406 0.02132936507936508
0 0.1714616402116402 0.3420138888888889 0.050595238095238096 0.04513888888888889
0 0.21875 0.38405257936507936 0.1306216931216931 0.0992063492063492
0 0.2781084656084656 0.41728670634920634 0.03141534391534392 0.022569444444444444
0 0.26438492063492064 0.2648809523809524 0.06084656084656084 0.04389880952380952
0 0.3219246031746032 0.3005952380952381 0.052248677248677246 0.04092261904761905
0 0.31630291005291006 0.2173859126984127 0.044642857142857144 0.03571428571428571
0 0.2620701058201058 0.18018353174603174 0.03406084656084656 0.022569444444444444
0 0.38095238095238093 0.18985615079365079 0.07142857142857142 0.06448412698412699
0 0.41650132275132273 0.24268353174603174 0.02943121693121693 0.02058531746031746
0 0.5026455026455027 0.2130456349206349 0.16203703703703703 0.08878968253968254
0 0.6241732804232805 0.23412698412698413 0.050595238095238096 0.053075396825396824
0 0.576058201058201 0.2697172619047619 0.04431216931216931 0.030009920634920636
0 0.5178571428571429 0.30493551587301587 0.03802910052910053 0.039186507936507936
0 0.5676256613756614 0.3447420634920635 0.08134920634920635 0.05109126984126984
0 0.41964285714285715 0.302703373015873 0.0496031746031746 0.05282738095238095
0 0.47453703703703703 0.3447420634920635 0.059854497354497355 0.051835317460317464
0 0.5170304232804233 0.38318452380952384 0.034722222222222224 0.02703373015873016
0 0.3333333333333333 0.37723214285714285 0.03736772486772487 0.054811507936507936
0 0.414021164021164 0.38777281746031744 0.06514550264550265 0.04389880952380952
0 0.46875 0.42001488095238093 0.045965608465608467 0.027777777777777776
0 0.5203373015873016 0.45696924603174605 0.08267195767195767 0.04985119047619048
0 0.48412698412698413 0.49429563492063494 0.016865079365079364 0.015625
0 0.5236441798941799 0.49404761904761907 0.028439153439153438 0.019097222222222224
0 0.5815145502645502 0.49689980158730157 0.03835978835978836 0.027777777777777776
0 0.6752645502645502 0.4975198412698413 0.02447089947089947 0.019097222222222224
0 0.685681216931217 0.5405505952380952 0.05423280423280423 0.023809523809523808
0 0.6182208994708994 0.5367063492063492 0.05423280423280423 0.05282738095238095
0 0.533068783068783 0.5313740079365079 0.027447089947089946 0.024057539682539684
0 0.5803571428571429 0.5669642857142857 0.02943121693121693 0.022569444444444444
0 0.6182208994708994 0.5935019841269841 0.08994708994708994 0.0597718253968254
0 0.5542328042328042 0.6455853174603174 0.03373015873015873 0.028521825396825396
0 0.6302910052910053 0.6645585317460317 0.04431216931216931 0.03149801587301587
0 0.5927579365079365 0.6902281746031746 0.046296296296296294 0.03720238095238095
0 0.673941798941799 0.7013888888888888 0.04133597883597884 0.029265873015873016
0 0.6906415343915344 0.7282986111111112 0.018849206349206348 0.017609126984126984
0 0.58994708994709 0.7589285714285714 0.02943121693121693 0.03571428571428571
0 0.5029761904761905 0.7625248015873016 0.02976190476190476 0.028521825396825396
0 0.5486111111111112 0.7185019841269841 0.03505291005291005 0.030753968253968252
0 0.5069444444444444 0.6825396825396826 0.028769841269841268 0.023313492063492064
0 0.46164021164021163 0.6413690476190477 0.08961640211640212 0.0716765873015873
0 0.42162698412698413 0.6067708333333334 0.0333994708994709 0.02554563492063492
0 0.4546957671957672 0.591765873015873 0.01488095238095238 0.02976190476190476
0 0.3263888888888889 0.6078869047619048 0.03935185185185185 0.05952380952380952
0 0.3245701058201058 0.5296378968253969 0.037037037037037035 0.044890873015873016
0 0.3741732804232804 0.5665922619047619 0.031084656084656083 0.021081349206349208
0 0.42080026455026454 0.5560515873015873 0.05191798941798942 0.04365079365079365
0 0.3826058201058201 0.43898809523809523 0.041005291005291 0.03819444444444445
0 0.3253968253968254 0.45287698412698413 0.03670634920634921 0.024553571428571428
0 0.3063822751322751 0.4905753968253968 0.027777777777777776 0.023809523809523808
0 0.03720238095238095 0.014136904761904762 0.036375661375661374 0.028273809523809524
0 0.14401455026455026 0.016245039682539684 0.056216931216931214 0.03249007936507937
0 0.2509920634920635 0.009796626984126984 0.07175925925925926 0.019593253968253968
0 0.3801256613756614 0.013640873015873016 0.052248677248677246 0.027281746031746032
0 0.48759920634920634 0.016865079365079364 0.0873015873015873 0.03373015873015873
0 0.5914351851851852 0.019593253968253968 0.06316137566137567 0.039186507936507936
0 0.6956018518518519 0.027405753968253968 0.05720899470899471 0.04861111111111111
0 0.7447089947089947 0.0716765873015873 0.04828042328042328 0.0441468253968254
0 0.8467261904761905 0.07886904761904762 0.05125661375661376 0.04662698412698413
0 0.8993055555555556 0.042162698412698416 0.03869047619047619 0.028769841269841268
0 0.9437830687830688 0.07973710317460317 0.03869047619047619 0.03422619047619048
0 0.8298611111111112 0.1623263888888889 0.07043650793650794 0.03968253968253968
0 0.933531746031746 0.16666666666666666 0.05191798941798942 0.042162698412698416
0 0.828207671957672 0.24305555555555555 0.035383597883597885 0.030257936507936508
0 0.8713624338624338 0.2819940476190476 0.03802910052910053 0.028521825396825396
0 0.9079034391534392 0.3187003968253968 0.05952380952380952 0.057539682539682536
0 0.9452711640211641 0.3384176587301587 0.008928571428571428 0.033234126984126984
0 0.812665343915344 0.318328373015873 0.059854497354497355 0.04365079365079365
0 0.861276455026455 0.3531746031746032 0.059854497354497355 0.03149801587301587
0 0.906415343915344 0.4104662698412698 0.044642857142857144 0.054811507936507936
0 0.8062169312169312 0.390625 0.040013227513227514 0.024305555555555556
0 0.84755291005291 0.4321676587301587 0.05886243386243386 0.036458333333333336
0 0.9055886243386243 0.46664186507936506 0.03406084656084656 0.025793650793650792
0 0.8716931216931217 0.501984126984127 0.04398148148148148 0.029513888888888888
0 0.9070767195767195 0.535094246031746 0.05324074074074074 0.035962301587301584
0 0.9254298941798942 0.5706845238095238 0.005291005291005291 0.02628968253968254
0 0.8928571428571429 0.6005704365079365 0.05853174603174603 0.043154761904761904
0 0.888558201058201 0.7312748015873016 0.03373015873015873 0.057787698412698416
0 0.8411044973544973 0.8251488095238095 0.021164021164021163 0.008432539682539682
0 0.8865740740740741 0.8530505952380952 0.026124338624338623 0.013888888888888888
0 0.8490410052910053 0.9145585317460317 0.016534391534391533 0.016865079365079364
0 0.8275462962962963 0.9496527777777778 0.028108465608465607 0.018105158730158732
0 0.7799272486772487 0.9232390873015873 0.03141534391534392 0.03125
0 0.7471891534391535 0.9604414682539683 0.023809523809523808 0.015873015873015872
0 0.6759259259259259 0.9769345238095238 0.02017195767195767 0.015873015873015872
0 0.6382275132275133 0.9481646825396826 0.0291005291005291 0.020337301587301588
0 0.5973875661375662 0.9915674603174603 0.016865079365079364 0.016865079365079364
0 0.5540674603174603 0.9600694444444444 0.040674603174603176 0.035962301587301584
0 0.5077711640211641 0.9286954365079365 0.01917989417989418 0.018105158730158732
0 0.4601521164021164 0.9807787698412699 0.0205026455026455 0.016865079365079364
0 0.3566468253968254 0.9916914682539683 0.03306878306878307 0.016617063492063492
0 0.4097222222222222 0.9418402777777778 0.018849206349206348 0.014632936507936508
0 0.23792989417989419 0.9866071428571429 0.0496031746031746 0.026785714285714284
0 0.18386243386243387 0.9528769841269841 0.034722222222222224 0.024305555555555556
0 0.12896825396825398 0.9939236111111112 0.022156084656084655 0.012152777777777778
0 0.036044973544973546 0.9801587301587301 0.07142857142857142 0.03968253968253968
0 0.09275793650793651 0.8572668650793651 0.042328042328042326 0.018601190476190476
0 0.1463293650793651 0.8165922619047619 0.050595238095238096 0.038938492063492064
0 0.047784391534391533 0.7297867063492064 0.056216931216931214 0.03249007936507937
0 0.10185185185185185 0.6876240079365079 0.04398148148148148 0.036458333333333336
0 0.18287037037037038 0.7435515873015873 0.022156084656084655 0.028769841269841268
0 0.2099867724867725 0.6883680555555556 0.06580687830687831 0.04563492063492063
0 0.2566137566137566 0.7299107142857143 0.0701058201058201 0.0597718253968254
0 0.05588624338624339 0.6440972222222222 0.028769841269841268 0.019593253968253968
0 0.2175925925925926 0.6087549603174603 0.07043650793650794 0.058779761904761904
0 0.07919973544973545 0.5477430555555556 0.011243386243386243 0.008432539682539682
0 0.11888227513227513 0.5285218253968254 0.031084656084656083 0.017361111111111112
0 0.0744047619047619 0.4937996031746032 0.06977513227513228 0.04811507936507937
0 0.03191137566137566 0.4568452380952381 0.023478835978835978 0.02058531746031746
0 0.12632275132275134 0.4616815476190476 0.025793650793650792 0.033482142857142856
0 0.08697089947089948 0.42001488095238093 0.046296296296296294 0.033482142857142856
0 0.031580687830687834 0.37971230158730157 0.06316137566137567 0.04513888888888889
0 0.07622354497354497 0.3451140873015873 0.04365079365079365 0.033482142857142856
0 0.1314484126984127 0.3812003968253968 0.05654761904761905 0.027281746031746032
0 0.01636904761904762 0.3033234126984127 0.03273809523809524 0.028025793650793652
0 0.062169312169312166 0.2689732142857143 0.08895502645502645 0.08432539682539683
0 0.11078042328042328 0.2214781746031746 0.047619047619047616 0.041666666666666664
0 0.1701388888888889 0.2663690476190476 0.08597883597883597 0.08804563492063493
0 0.01025132275132275 0.14434523809523808 0.0205026455026455 0.029265873015873016
0 0.057374338624338626 0.13529265873015872 0.021164021164021163 0.023809523809523808
0 0.10416666666666667 0.14136904761904762 0.03042328042328042 0.02554563492063492
0 0.09556878306878307 0.054563492063492064 0.04861111111111111 0.04712301587301587
0 0.3771494708994709 0.09697420634920635 0.046296296296296294 0.03521825396825397
0 0.4270833333333333 0.13938492063492064 0.03207671957671958 0.027281746031746032
0 0.47900132275132273 0.10230654761904762 0.08300264550264551 0.07242063492063493