0 0.22040343915343916 0.18663194444444445 0.12863756613756613 0.09474206349206349
0 0.042328042328042326 0.2109375 0.08333333333333333 0.0662202380952381
0 0.14715608465608465 0.2543402777777778 0.060515873015873016 0.04241071428571429
0 0.030257936507936508 0.33816964285714285 0.060515873015873016 0.08978174603174603
0 0.07886904761904762 0.4273313492063492 0.03439153439153439 0.028273809523809524
0 0.04927248677248677 0.47470238095238093 0.08862433862433862 0.05109126984126984
0 0.04794973544973545 0.5347222222222222 0.05026455026455026 0.028025793650793652
0 0.03356481481481482 0.5968501984126984 0.06712962962962964 0.04092261904761905
0 0.07589285714285714 0.6148313492063492 0.06878306878306878 0.05009920634920635
0 0.12450396825396826 0.630828373015873 0.034722222222222224 0.01711309523809524
0 0.04861111111111111 0.6499255952380952 0.05853174603174603 0.04265873015873016
0 0.06332671957671958 0.685515873015873 0.0796957671957672 0.03670634920634921
0 0.13657407407407407 0.7104414682539683 0.023478835978835978 0.016865079365079364
0 0.1281415343915344 0.6746031746031746 0.04563492063492063 0.02976190476190476
0 0.13624338624338625 0.7559523809523809 0.06911375661375661 0.03869047619047619
0 0.20932539682539683 0.6892361111111112 0.06349206349206349 0.024553571428571428
0 0.21246693121693122 0.7239583333333334 0.0625 0.031746031746031744
0 0.20535714285714285 0.7522321428571429 0.06349206349206349 0.02976190476190476
0 0.23429232804232805 0.8526785714285714 0.025793650793650792 0.018601190476190476
0 0.2786044973544973 0.8655753968253969 0.03009259259259259 0.02058531746031746
0 0.322255291005291 0.7837301587301587 0.02546296296296296 0.017857142857142856
0 0.35267857142857145 0.7999751984126984 0.026785714285714284 0.01711309523809524
0 0.3166335978835979 0.8541666666666666 0.045965608465608467 0.03298611111111111
0 0.3697089947089947 0.8661954365079365 0.026785714285714284 0.018849206349206348
0 0.2088293650793651 0.9661458333333334 0.05654761904761905 0.03993055555555555
0 0.4126984126984127 0.8282490079365079 0.031746031746031744 0.018849206349206348
0 0.46941137566137564 0.8511904761904762 0.017857142857142856 0.015376984126984126
0 0.4679232804232804 0.8661954365079365 0.018518518518518517 0.01711309523809524
0 0.5120701058201058 0.8587549603174603 0.06448412698412699 0.04563492063492063
0 0.5307539682539683 0.8174603174603174 0.051587301587301584 0.02976190476190476
0 0.5873015873015873 0.8185763888888888 0.021825396825396824 0.014384920634920634
0 0.4565145502645503 0.7485119047619048 0.042328042328042326 0.019097222222222224
0 0.4289021164021164 0.7113095238095238 0.03835978835978836 0.019345238095238096
0 0.4417989417989418 0.7289186507936508 0.03736772486772487 0.019593253968253968
0 0.34738756613756616 0.6839037698412699 0.04298941798941799 0.030009920634920636
0 0.2744708994708995 0.6996527777777778 0.031746031746031744 0.043402777777777776
0 0.3425925925925926 0.7157738095238095 0.08068783068783068 0.040426587301587304
0 0.302744708994709 0.6672867063492064 0.05092592592592592 0.03869047619047619
0 0.2610780423280423 0.6183035714285714 0.03935185185185185 0.020337301587301588
0 0.27992724867724866 0.5887896825396826 0.03141534391534392 0.013888888888888888
0 0.19295634920634921 0.5677083333333334 0.06481481481481481 0.030753968253968252
0 0.23296957671957672 0.5358382936507936 0.05324074074074074 0.04563492063492063
0 0.2771164021164021 0.5436507936507936 0.05886243386243386 0.038938492063492064
0 0.27562830687830686 0.49441964285714285 0.03835978835978836 0.024057539682539684
0 0.18204365079365079 0.4583333333333333 0.06481481481481481 0.043154761904761904
0 0.20552248677248677 0.40612599206349204 0.12863756613756613 0.08705357142857142
0 0.2705026455026455 0.4365079365079365 0.062169312169312166 0.03720238095238095
0 0.2865410052910053 0.40848214285714285 0.051587301587301584 0.01984126984126984
0 0.3382936507936508 0.36755952380952384 0.04034391534391534 0.03993055555555555
0 0.3478835978835979 0.32601686507936506 0.041005291005291 0.04365079365079365
0 0.2443783068783069 0.34337797619047616 0.09060846560846561 0.05084325396825397
0 0.2478505291005291 0.30753968253968256 0.07605820105820106 0.04241071428571429
0 0.21081349206349206 0.2679811507936508 0.082010582010582 0.1029265873015873
0 0.3039021164021164 0.2828621031746032 0.034722222222222224 0.04563492063492063
0 0.33812830687830686 0.2681051587301587 0.02414021164021164 0.026785714285714284
0 0.34837962962962965 0.24379960317460317 0.03902116402116402 0.017857142857142856
0 0.3864087301587302 0.22321428571428573 0.07242063492063493 0.02628968253968254
0 0.3819444444444444 0.1015625 0.11904761904761904 0.09052579365079365
0 0.4933862433862434 0.08147321428571429 0.09623015873015874 0.06274801587301587
0 0.4852843915343915 0.15637400793650794 0.055224867724867725 0.033234126984126984
0 0.47800925925925924 0.23995535714285715 0.03042328042328042 0.028769841269841268
0 0.4333664021164021 0.2672371031746032 0.036044973544973546 0.028273809523809524
0 0.38657407407407407 0.27368551587301587 0.0582010582010582 0.043402777777777776
0 0.4176587301587302 0.3239087301587302 0.0744047619047619 0.06448412698412699
0 0.3695436507936508 0.3638392857142857 0.03273809523809524 0.03447420634920635
0 0.32787698412698413 0.4615575396825397 0.08697089947089948 0.046378968253968256
0 0.3611111111111111 0.5199652777777778 0.047619047619047616 0.03521825396825397
0 0.40625 0.4816468253968254 0.04034391534391534 0.03273809523809524
0 0.3993055555555556 0.43464781746031744 0.02513227513227513 0.03125
0 0.45188492063492064 0.3851686507936508 0.06283068783068783 0.04836309523809524
0 0.4652777777777778 0.3472222222222222 0.04365079365079365 0.04662698412698413
0 0.5224867724867724 0.3159722222222222 0.0992063492063492 0.060267857142857144
0 0.5932539682539683 0.24714781746031747 0.056216931216931214 0.041914682539682536
0 0.6036706349206349 0.11495535714285714 0.10251322751322751 0.07614087301587301
0 0.6284722222222222 0.1939484126984127 0.07506613756613757 0.08060515873015874
0 0.7037037037037037 0.17038690476190477 0.031746031746031744 0.03149801587301587
0 0.8229166666666666 0.13678075396825398 0.05720899470899471 0.030753968253968252
0 0.9641203703703703 0.09598214285714286 0.07175925925925926 0.05109126984126984
0 0.9201388888888888 0.18365575396825398 0.07242063492063493 0.06746031746031746
0 0.8035714285714286 0.20672123015873015 0.0710978835978836 0.06225198412698413
0 0.6309523809523809 0.2769097222222222 0.06712962962962964 0.04439484126984127
0 0.607308201058201 0.33097718253968256 0.06283068783068783 0.03546626984126984
0 0.6665013227513228 0.31820436507936506 0.06911375661375661 0.03670634920634921
0 0.6651785714285714 0.359375 0.07407407407407407 0.04513888888888889
0 0.5616732804232805 0.35453869047619047 0.07175925925925926 0.03422619047619048
0 0.6013558201058201 0.38603670634920634 0.0582010582010582 0.03273809523809524
0 0.7776124338624338 0.2863343253968254 0.0667989417989418 0.04389880952380952
0 0.8811177248677249 0.2611607142857143 0.045965608465608467 0.03249007936507937
0 0.9593253968253969 0.2664930555555556 0.054563492063492064 0.037698412698412696
0 0.988260582010582 0.2275545634920635 0.023478835978835978 0.03720238095238095
0 0.812665343915344 0.34759424603174605 0.05919312169312169 0.036458333333333336
0 0.8442460317460317 0.32700892857142855 0.042328042328042326 0.03298611111111111
0 0.9262566137566137 0.34523809523809523 0.05291005291005291 0.024305555555555556
0 0.9632936507936508 0.40327380952380953 0.05555555555555555 0.03819444444444445
0 0.8382936507936508 0.3709077380952381 0.05489417989417989 0.04017857142857143
0 0.8369708994708994 0.3967013888888889 0.04927248677248677 0.03521825396825397
0 0.720734126984127 0.4208829365079365 0.10615079365079365 0.09499007936507936
0 0.8134920634920635 0.47767857142857145 0.055224867724867725 0.034722222222222224
0 0.7495039682539683 0.4347718253968254 0.0333994708994709 0.027777777777777776
0 0.7746362433862434 0.470734126984127 0.05555555555555555 0.033234126984126984
0 0.6926256613756614 0.47767857142857145 0.0333994708994709 0.024553571428571428
0 0.6554232804232805 0.4439484126984127 0.03835978835978836 0.03125
0 0.6345899470899471 0.46837797619047616 0.0333994708994709 0.027777777777777776
0 0.6521164021164021 0.48214285714285715 0.052248677248677246 0.02554563492063492
0 0.5907738095238095 0.4310515873015873 0.044642857142857144 0.034722222222222224
0 0.5514219576719577 0.41517857142857145 0.042328042328042326 0.021577380952380952
0 0.5163690476190477 0.4592013888888889 0.026455026455026454 0.025793650793650792
0 0.5431547619047619 0.4739583333333333 0.040674603174603176 0.022569444444444444
0 0.4728835978835979 0.4625496031746032 0.040674603174603176 0.03546626984126984
0 0.39897486772486773 0.5029761904761905 0.03571428571428571 0.021825396825396824
0 0.4350198412698413 0.5164930555555556 0.011243386243386243 0.009176587301587302
0 0.46378968253968256 0.5270337301587301 0.02943121693121693 0.020337301587301588
0 0.4365079365079365 0.5291418650793651 0.020833333333333332 0.01636904761904762
0 0.42212301587301587 0.5674603174603174 0.02546296296296296 0.014632936507936508
0 0.49189814814814814 0.5677083333333334 0.034722222222222224 0.023065476190476192
0 0.5183531746031746 0.5283978174603174 0.09689153439153439 0.04290674603174603
0 0.6011904761904762 0.5231894841269841 0.034722222222222224 0.02554563492063492
0 0.5047949735449735 0.5124007936507936 0.011904761904761904 0.00744047619047619
0 0.4444444444444444 0.5478670634920635 0.037037037037037035 0.022817460317460316
0 0.4417989417989418 0.5941220238095238 0.026124338624338623 0.015128968253968254
0 0.435515873015873 0.6339285714285714 0.0744047619047619 0.02628968253968254
0 0.5158730158730159 0.6169394841269841 0.040013227513227514 0.03273809523809524
0 0.564318783068783 0.5533234126984127 0.060515873015873016 0.0441468253968254
0 0.533068783068783 0.5808531746031746 0.01917989417989418 0.017609126984126984
0 0.5881283068783069 0.5938740079365079 0.05257936507936508 0.03695436507936508
0 0.6312830687830688 0.5830853174603174 0.08300264550264551 0.060267857142857144
0 0.6787367724867724 0.5815972222222222 0.052248677248677246 0.030753968253968252
0 0.6431878306878307 0.517609126984127 0.03373015873015873 0.023809523809523808
0 0.58994708994709 0.6375248015873016 0.054563492063492064 0.0248015873015873
0 0.584173546957672 0.573393835813492 0.5962007609126984 0.5661616924603174 0.6020982235449736 0.5563717790178572 0.6046826378968254 0.5466789618055555 0.6034171851851852 0.5449204630456349 0.5948611011904762 0.5474897626488096 0.5530262000661376 0.5818806314484127 0.5676196574074074 0.5816213226686509 0.584173546957672 0.573393835813492
0 0.6974206349206349 0.5276537698412699 0.04365079365079365 0.02058531746031746
0 0.7658730158730159 0.5344742063492064 0.06746031746031746 0.0496031746031746
0 0.7873677248677249 0.5606398809523809 0.05919312169312169 0.0220734126984127
0 0.7901785714285714 0.5120287698412699 0.044642857142857144 0.027529761904761904
0 0.8541666666666666 0.5344742063492064 0.07671957671957672 0.06125992063492063
0 0.8783068783068783 0.4816468253968254 0.05257936507936508 0.04117063492063492
0 0.8812830687830688 0.5633680555555556 0.03670634920634921 0.02058531746031746
0 0.9250992063492064 0.5631200396825397 0.03439153439153439 0.022569444444444444
0 0.8621031746031746 0.4564732142857143 0.045965608465608467 0.022321428571428572
0 0.9322089947089947 0.4583333333333333 0.09391534391534391 0.05555555555555555
0 0.8584656084656085 0.6841517857142857 0.037037037037037035 0.018849206349206348
0 0.8210978835978836 0.699280753968254 0.045965608465608467 0.022321428571428572
0 0.7779431216931217 0.7008928571428571 0.03406084656084656 0.01636904761904762
0 0.796957671957672 0.6662946428571429 0.041005291005291 0.020833333333333332
0 0.8131613756613757 0.6273561507936508 0.0333994708994709 0.019593253968253968
0 0.7509920634920635 0.6050347222222222 0.037698412698412696 0.019345238095238096
0 0.7318121693121693 0.644469246031746 0.02546296296296296 0.013888888888888888
0 0.716765873015873 0.6821676587301587 0.0744047619047619 0.029265873015873016
0 0.7385912698412699 0.7176339285714286 0.03869047619047619 0.026537698412698412
0 0.7645502645502645 0.7367311507936508 0.054563492063492064 0.022569444444444444
0 0.6459986772486772 0.6958085317460317 0.11408730158730158 0.04513888888888889
0 0.6517857142857143 0.6609623015873016 0.028439153439153438 0.016121031746031748
0 0.6663359788359788 0.6222718253968254 0.02546296296296296 0.015625
0 0.6294642857142857 0.7331349206349206 0.026124338624338623 0.016121031746031748
0 0.6243386243386243 0.7565724206349206 0.020833333333333332 0.013640873015873016
0 0.6459986772486772 0.7736855158730159 0.021494708994708994 0.014136904761904762
0 0.6708002645502645 0.7889384920634921 0.02546296296296296 0.016121031746031748
0 0.5656415343915344 0.714905753968254 0.023809523809523808 0.019097222222222224
0 0.5434854497354498 0.7010168650793651 0.035383597883597885 0.021825396825396824
0 0.5026455026455027 0.7007688492063492 0.03207671957671958 0.022569444444444444
0 0.5066137566137566 0.6624503968253969 0.04927248677248677 0.0339781746031746
0 0.4323743386243386 0.6795634920634921 0.05324074074074074 0.03422619047619048
0 0.5006613756613757 0.7307787698412699 0.04563492063492063 0.017857142857142856
0 0.3369708994708995 0.5959821428571429 0.11342592592592593 0.06721230158730158
0 0.3740079365079365 0.6442212301587301 0.0419973544973545 0.02628968253968254
0 0.6592261904761905 0.8591269841269841 0.03902116402116402 0.022569444444444444
0 0.7271825396825397 0.8570188492063492 0.02976190476190476 0.011904761904761904
0 0.7876984126984127 0.8148561507936508 0.028108465608465607 0.017361111111111112
0 0.8095238095238095 0.8072916666666666 0.023148148148148147 0.008432539682539682
0 0.3621031746031746 0.6139632936507936 0.059854497354497355 0.04241071428571429
1 0.33035714285714285 0.6805555555555556 0.14814814814814814 0.09176587301587301
0 0.8429232804232805 0.5861855158730159 0.05489417989417989 0.03869047619047619
0 0.8520171957671958 0.5864335317460317 0.012566137566137565 0.011904761904761904
0 0.7250330687830688 0.5318700396825397 0.026124338624338623 0.029017857142857144
1 0.6866732804232805 0.4497767857142857 0.36474867724867727 0.2805059523809524
1 0.40145502645502645 0.37797619047619047 0.2552910052910053 0.32316468253968256