0 0.867611821086262 0.6813537675606641 0.05151757188498403 0.08556832694763729
0 0.24321086261980832 0.7279693486590039 0.01437699680511182 0.021711366538952746
0 0.3220846645367412 0.7512771392081737 0.01637380191693291 0.0210727969348659
0 0.08905750798722045 0.7531928480204342 0.08386581469648563 0.13984674329501914
0 0.6251996805111821 0.07630906768837803 0.02356230031948882 0.03384418901660281
0 0.6126198083067093 0.7637292464878672 0.04472843450479233 0.07407407407407407
0 0.24880191693290735 0.07854406130268199 0.03354632587859425 0.0421455938697318
0 0.775758785942492 0.8010855683269477 0.04752396166134185 0.06704980842911877
0 0.6910942492012779 0.898786717752235 0.045926517571884984 0.08620689655172414
0 0.3965654952076677 0.9137931034482759 0.011980830670926517 0.0210727969348659
0 0.9219249201277955 0.9431673052362708 0.08985623003194888 0.1136653895274585
0 0.29333067092651754 0.10855683269476372 0.021166134185303515 0.0280970625798212
0 0.35822683706070285 0.11717752234993614 0.05910543130990415 0.08109833971902937
0 0.7571884984025559 0.1222860791826309 0.0742811501597444 0.0913154533844189
0 0.6028354632587859 0.14335887611749681 0.022763578274760384 0.03384418901660281
0 0.5575079872204473 0.15102171136653894 0.019968051118210862 0.031289910600255426
0 0.702076677316294 0.15996168582375478 0.02156549520766773 0.032567049808429116
0 0.17472044728434505 0.17624521072796934 0.05950479233226837 0.06513409961685823
0 0.27735623003194887 0.17943805874840357 0.0371405750798722 0.06130268199233716
0 0.33246805111821087 0.18582375478927204 0.020766773162939296 0.02937420178799489
0 0.7312300319488818 0.1912515964240102 0.023961661341853034 0.037675606641123884
0 0.4225239616613419 0.20561941251596424 0.011980830670926517 0.03065134099616858
0 0.6265974440894568 0.20561941251596424 0.022364217252396165 0.034482758620689655
0 0.6010383386581469 0.021392081736909322 0.023961661341853034 0.042784163473818644
0 0.6952875399361023 0.021711366538952746 0.020766773162939296 0.04342273307790549
0 0.5101837060702875 0.25255427841634737 0.06110223642172524 0.11174968071519796
0 0.2961261980830671 0.2547892720306513 0.026757188498402557 0.03065134099616858
0 0.7635782747603834 0.26436781609195403 0.0231629392971246 0.034482758620689655
0 0.3957667731629393 0.26947637292464877 0.019968051118210862 0.03065134099616858
0 0.18849840255591055 0.27458492975734355 0.03913738019169329 0.05108556832694764
0 0.1253993610223642 0.30268199233716475 0.0742811501597444 0.08173690932311622
0 0.3855830670926518 0.3144955300127714 0.013977635782747603 0.02234993614303959
0 0.6234025559105432 0.3176883780332056 0.05990415335463259 0.14367816091954022
0 0.4289137380191693 0.3390804597701149 0.012779552715654952 0.016602809706257982
0 0.31789137380191695 0.34067688378033206 0.019968051118210862 0.030012771392081736
0 0.5786741214057508 0.3607918263090677 0.018370607028753993 0.021711366538952746
0 0.40814696485623003 0.3620689655172414 0.004792332268370607 0.01277139208173691
0 0.5299520766773163 0.36302681992337166 0.011182108626198083 0.017241379310344827
0 0.05491214057507987 0.36909323116219667 0.015575079872204472 0.019157088122605363
0 0.22743610223642172 0.3834610472541507 0.04512779552715655 0.042784163473818644
0 0.8442492012779552 0.3847381864623244 0.016773162939297124 0.028735632183908046
0 0.6040335463258786 0.39527458492975737 0.06110223642172524 0.14559386973180077
0 0.8146964856230032 0.4102809706257982 0.025559105431309903 0.037675606641123884
0 0.5359424920127795 0.04374201787994891 0.052715654952076675 0.06832694763729247
0 0.6882987220447284 0.43614303959131545 0.017971246006389777 0.04469987228607918
0 0.3568290734824281 0.44891443167305234 0.06589456869009584 0.1532567049808429
0 0.1387779552715655 0.04948914431673052 0.08586261980830671 0.09897828863346105
0 0.17891373801916932 0.4932950191570881 0.027955271565495207 0.037675606641123884
0 0.6202076677316294 0.4990421455938697 0.011980830670926517 0.02362707535121328
0 0.8518370607028753 0.5172413793103449 0.04792332268370607 0.06641123882503193
0 0.20686900958466453 0.5169220945083014 0.02156549520766773 0.02490421455938697
0 0.4500798722044728 0.0520434227330779 0.00878594249201278 0.008301404853128991
0 0.6589456869009584 0.5220306513409961 0.019169329073482427 0.031289910600255426
0 0.7452076677316294 0.5552362707535121 0.07028753993610223 0.12962962962962962
0 0.1367811501597444 0.5558748403575989 0.013178913738019169 0.02362707535121328
0 0.5047923322683706 0.5638569604086845 0.06629392971246006 0.1123882503192848
0 0.8184904153354633 0.5718390804597702 0.057108626198083066 0.08365261813537675
0 0.2543929712460064 0.572477650063857 0.031150159744408944 0.05300127713920817
0 0.08626198083067092 0.6254789272030651 0.04233226837060703 0.040229885057471264
1 0.8162939297124601 0.3614303959131545 0.10982428115015974 0.22541507024265645
1 0.43889776357827476 0.5296934865900383 0.04113418530351438 0.1768837803320562
1 0.4225239616613419 0.5245849297573435 0.03913738019169329 0.17177522349936142
1 0.36261980830670926 0.6864623243933589 0.14416932907348243 0.1883780332056194
0 0.3192891373801917 0.6008939974457216 0.005591054313099041 0.013409961685823755
1 0.3843849840255591 0.8279054916985952 0.13458466453674123 0.24329501915708812
1 0.4305111821086262 0.33109833971902936 0.05750798722044728 0.1615581098339719
1 0.40315495207667734 0.22860791826309068 0.11301916932907348 0.26372924648786716
1 0.705870607028754 0.03863346104725415 0.04792332268370607 0.0772669220945083