0 0.2830687830687831 0.29563492063492064 0.08068783068783068 0.04538690476190476
0 0.5400132275132276 0.30952380952380953 0.1712962962962963 0.12202380952380952
0 0.9609788359788359 0.3167162698412698 0.07738095238095238 0.11160714285714286
0 0.8718584656084656 0.34362599206349204 0.1087962962962963 0.12872023809523808
0 0.028108465608465607 0.361359126984127 0.056216931216931214 0.06994047619047619
0 0.09424603174603174 0.5080605158730159 0.046296296296296294 0.037450396825396824
0 0.4626322751322751 0.5078125 0.05886243386243386 0.05009920634920635
0 0.546957671957672 0.5705605158730159 0.07804232804232804 0.053323412698412696
0 0.9138558201058201 0.5714285714285714 0.05092592592592592 0.033234126984126984
0 0.3801256613756614 0.7136656746031746 0.12103174603174603 0.08506944444444445
0 0.5547288359788359 0.7762896825396826 0.09358465608465609 0.042162698412698416
0 0.8207671957671958 0.8365575396825397 0.08862433862433862 0.054563492063492064
0 0.2800925925925926 0.8463541666666666 0.0958994708994709 0.0597718253968254
0 0.951223544973545 0.8970734126984127 0.09755291005291006 0.057787698412698416
0 0.7301587301587301 0.8917410714285714 0.11574074074074074 0.08110119047619048
0 0.46709656084656087 0.9058779761904762 0.03935185185185185 0.03125
0 0.40658068783068785 0.9093501984126984 0.041666666666666664 0.023809523809523808
0 0.10367063492063493 0.9148065476190477 0.04332010582010582 0.025793650793650792
0 0.8270502645502645 0.21788194444444445 0.1527777777777778 0.08258928571428571
0 0.36789021164021163 0.2269345238095238 0.11805555555555555 0.0726686507936508
0 0.18501984126984128 0.2238343253968254 0.08531746031746032 0.051587301587301584
0 0.08416005291005291 0.2261904761904762 0.16832010582010581 0.1423611111111111
1 0.8498677248677249 0.26587301587301587 0.3002645502645503 0.37003968253968256
0 0.9528769841269841 0.21862599206349206 0.026455026455026454 0.03249007936507937
0 0.9720568783068783 0.2261904761904762 0.017857142857142856 0.028521825396825396