0 0.7432208994708994 0.24913194444444445 0.018187830687830687 0.015625
0 0.09540343915343916 0.24950396825396826 0.044642857142857144 0.027777777777777776
0 0.6145833333333334 0.2534722222222222 0.03207671957671958 0.030257936507936508
0 0.40906084656084657 0.25595238095238093 0.021164021164021163 0.016865079365079364
0 0.8369708994708994 0.2594246031746032 0.03439153439153439 0.018353174603174604
0 0.2404100529100529 0.2622767857142857 0.03373015873015873 0.021081349206349208
0 0.04017857142857143 0.26537698412698413 0.035383597883597885 0.020833333333333332
0 0.7166005291005291 0.2673611111111111 0.016534391534391533 0.015873015873015872
0 0.5277777777777778 0.26959325396825395 0.022486772486772486 0.015873015873015872
0 0.37549603174603174 0.27814980158730157 0.023478835978835978 0.015625
0 0.20502645502645503 0.2821180555555556 0.036375661375661374 0.021081349206349208
0 0.8996362433862434 0.28943452380952384 0.022156084656084655 0.017361111111111112
0 0.27099867724867727 0.2941468253968254 0.03009259259259259 0.031746031746031744
0 0.37648809523809523 0.0031001984126984125 0.022817460317460316 0.006200396825396825
0 0.6048280423280423 0.3005952380952381 0.01917989417989418 0.016865079365079364
0 0.298776455026455 0.03050595238095238 0.034722222222222224 0.021825396825396824
0 0.09424603174603174 0.3060515873015873 0.0291005291005291 0.023809523809523808
0 0.6623677248677249 0.30927579365079366 0.032407407407407406 0.029265873015873016
0 0.5206679894179894 0.3159722222222222 0.016865079365079364 0.015376984126984126
0 0.7999338624338624 0.32254464285714285 0.018518518518518517 0.015128968253968254
0 0.8478835978835979 0.32601686507936506 0.021825396825396824 0.014632936507936508
0 0.6261574074074074 0.3288690476190476 0.01951058201058201 0.014384920634920634
0 0.4353505291005291 0.33308531746031744 0.03670634920634921 0.028769841269841268
0 0.195271164021164 0.3343253968253968 0.04398148148148148 0.03273809523809524
0 0.5458002645502645 0.34399801587301587 0.018849206349206348 0.01240079365079365
0 0.04133597883597884 0.3447420634920635 0.036375661375661374 0.023313492063492064
0 0.6496362433862434 0.35168650793650796 0.02017195767195767 0.01636904761904762
0 0.6952711640211641 0.3556547619047619 0.03736772486772487 0.020337301587301588
0 0.1574074074074074 0.3619791666666667 0.046957671957671955 0.023561507936507936
0 0.7961309523809523 0.36334325396825395 0.0248015873015873 0.016865079365079364
0 0.09308862433862433 0.36507936507936506 0.04265873015873016 0.027777777777777776
0 0.9039351851851852 0.3661954365079365 0.022156084656084655 0.012152777777777778
0 0.6220238095238095 0.37189980158730157 0.01917989417989418 0.015625
0 0.3070436507936508 0.3743799603174603 0.03009259259259259 0.023561507936507936
0 0.3645833333333333 0.37648809523809523 0.02546296296296296 0.015376984126984126
0 0.43270502645502645 0.3814484126984127 0.03869047619047619 0.027281746031746032
0 0.48412698412698413 0.38467261904761907 0.021164021164021163 0.013888888888888888
0 0.2640542328042328 0.3948412698412698 0.04398148148148148 0.032242063492063495
0 0.6421957671957672 0.3967013888888889 0.01917989417989418 0.015128968253968254
0 0.7399140211640212 0.39794146825396826 0.02414021164021164 0.018601190476190476
0 0.7984457671957672 0.4019097222222222 0.01951058201058201 0.017609126984126984
0 0.9065806878306878 0.40674603174603174 0.022156084656084655 0.01240079365079365
0 0.5638227513227513 0.4115823412698413 0.03373015873015873 0.020089285714285716
0 0.15658068783068782 0.41257440476190477 0.020833333333333332 0.012648809523809524
0 0.6129298941798942 0.41703869047619047 0.018849206349206348 0.011656746031746032
0 0.7127976190476191 0.4205109126984127 0.0333994708994709 0.022569444444444444
0 0.03802910052910053 0.4227430555555556 0.05423280423280423 0.03546626984126984
0 0.4267526455026455 0.427703373015873 0.040013227513227514 0.02554563492063492
0 0.4793320105820106 0.43092757936507936 0.016865079365079364 0.011160714285714286
0 0.11772486772486772 0.4368799603174603 0.04563492063492063 0.02703373015873016
0 0.19130291005291006 0.4408482142857143 0.03207671957671958 0.02058531746031746
0 0.8541666666666666 0.4443204365079365 0.0205026455026455 0.015128968253968254
0 0.32671957671957674 0.44742063492063494 0.041666666666666664 0.019345238095238096
0 0.9639550264550265 0.44828869047619047 0.021825396825396824 0.012648809523809524
0 0.5575396825396826 0.4541170634920635 0.02976190476190476 0.023313492063492064
0 0.71494708994709 0.45969742063492064 0.027116402116402115 0.018105158730158732
0 0.7688492063492064 0.46118551587301587 0.031084656084656083 0.026041666666666668
0 0.8278769841269841 0.4646577380952381 0.04398148148148148 0.02703373015873016
0 0.226521164021164 0.4673859126984127 0.021164021164021163 0.015625
0 0.9889219576719577 0.46862599206349204 0.021494708994708994 0.018105158730158732
0 0.2918320105820106 0.4712301587301587 0.023478835978835978 0.013888888888888888
0 0.41451719576719576 0.4729662698412698 0.02943121693121693 0.018849206349206348
0 0.3558201058201058 0.4739583333333333 0.036375661375661374 0.018353174603174604
0 0.582010582010582 0.4789186507936508 0.03042328042328042 0.018353174603174604
0 0.7452050264550265 0.4818948412698413 0.03207671957671958 0.025297619047619048
0 0.6891534391534392 0.48226686507936506 0.02513227513227513 0.013640873015873016
0 0.9090608465608465 0.4878472222222222 0.025793650793650792 0.019345238095238096
0 0.11607142857142858 0.4895833333333333 0.027116402116402115 0.01636904761904762
0 0.49834656084656087 0.49813988095238093 0.017857142857142856 0.014136904761904762
0 0.6633597883597884 0.49851190476190477 0.03439153439153439 0.023313492063492064
0 0.037037037037037035 0.49875992063492064 0.0291005291005291 0.015376984126984126
0 0.6031746031746031 0.5011160714285714 0.02976190476190476 0.024057539682539684
0 0.8869047619047619 0.5076884920634921 0.021164021164021163 0.013392857142857142
0 0.35300925925925924 0.5163690476190477 0.02414021164021164 0.017361111111111112
0 0.46825396825396826 0.5190972222222222 0.036375661375661374 0.017361111111111112
0 0.6908068783068783 0.5240575396825397 0.02447089947089947 0.01488095238095238
0 0.09176587301587301 0.5250496031746031 0.02943121693121693 0.019345238095238096
0 0.7452050264550265 0.5249255952380952 0.020833333333333332 0.018105158730158732
0 0.8014219576719577 0.5252976190476191 0.03141534391534392 0.025793650793650792
0 0.970568783068783 0.5259176587301587 0.05886243386243386 0.03844246031746032
0 0.8578042328042328 0.5276537698412699 0.027777777777777776 0.015128968253968254
0 0.03654100529100529 0.5343501984126984 0.028108465608465607 0.01314484126984127
0 0.31531084656084657 0.5399305555555556 0.026124338624338623 0.013888888888888888
0 0.25363756613756616 0.5401785714285714 0.021825396825396824 0.017361111111111112
0 0.5491071428571429 0.5411706349206349 0.016865079365079364 0.013888888888888888
0 0.43617724867724866 0.5416666666666666 0.031746031746031744 0.025297619047619048
0 0.6618716931216931 0.542906746031746 0.028108465608465607 0.023809523809523808
0 0.7739748677248677 0.5471230158730159 0.01951058201058201 0.020833333333333332
0 0.21693121693121692 0.5638640873015873 0.031084656084656083 0.015128968253968254
0 0.5168650793650794 0.5641121031746031 0.032407407407407406 0.024553571428571428
0 0.861441798941799 0.5687003968253969 0.022486772486772486 0.0248015873015873
0 0.9184854497354498 0.5734126984126984 0.034722222222222224 0.03273809523809524
0 0.6030092592592593 0.5846974206349206 0.02414021164021164 0.018105158730158732
0 0.43187830687830686 0.5851934523809523 0.025793650793650792 0.01711309523809524
0 0.716931216931217 0.5889136904761905 0.026455026455026454 0.017609126984126984
0 0.6603835978835979 0.5887896825396826 0.01984126984126984 0.01488095238095238
0 0.11078042328042328 0.5891617063492064 0.031084656084656083 0.021081349206349208
0 0.8343253968253969 0.5920138888888888 0.023809523809523808 0.019345238095238096
0 0.34077380952380953 0.607390873015873 0.0248015873015873 0.011904761904761904
0 0.7463624338624338 0.6124751984126984 0.027777777777777776 0.020089285714285716
0 0.8045634920634921 0.6130952380952381 0.01521164021164021 0.01488095238095238
0 0.36772486772486773 0.6292162698412699 0.021164021164021163 0.013888888888888888
0 0.6046626984126984 0.6297123015873016 0.026124338624338623 0.01488095238095238
0 0.4904100529100529 0.6305803571428571 0.032407407407407406 0.021081349206349208
0 0.10846560846560846 0.06336805555555555 0.05291005291005291 0.036458333333333336
0 0.17377645502645503 0.6370287698412699 0.045304232804232805 0.019593253968253968
0 0.10615079365079365 0.6381448412698413 0.027777777777777776 0.01240079365079365
0 0.5168650793650794 0.6515376984126984 0.011574074074074073 0.010912698412698412
0 0.455026455026455 0.6515376984126984 0.03505291005291005 0.023313492063492064
0 0.13773148148148148 0.6587301587301587 0.03141534391534392 0.01636904761904762
0 0.9786706349206349 0.6588541666666666 0.01951058201058201 0.016617063492063492
0 0.751818783068783 0.6594742063492064 0.03670634920634921 0.023809523809523808
0 0.5601851851851852 0.06770833333333333 0.037698412698412696 0.031746031746031744
0 0.03290343915343916 0.6753472222222222 0.028769841269841268 0.017361111111111112
0 0.3002645502645503 0.6754712301587301 0.021164021164021163 0.011160714285714286
0 0.7208994708994709 0.6790674603174603 0.02513227513227513 0.019345238095238096
0 0.6630291005291006 0.6794394841269841 0.023809523809523808 0.024553571428571428
0 0.25578703703703703 0.06783234126984126 0.03406084656084656 0.022569444444444444
0 0.17113095238095238 0.681671626984127 0.023478835978835978 0.016617063492063492
0 0.8921957671957672 0.6825396825396826 0.03042328042328042 0.015873015873015872
0 0.953207671957672 0.6827876984126984 0.02414021164021164 0.017361111111111112
0 0.3544973544973545 0.0685763888888889 0.02976190476190476 0.019097222222222224
0 0.45618386243386244 0.6974206349206349 0.0248015873015873 0.022817460317460316
0 0.3948412698412698 0.6980406746031746 0.021825396825396824 0.015128968253968254
0 0.6926256613756614 0.7007688492063492 0.0248015873015873 0.018105158730158732
0 0.2996031746031746 0.7214781746031746 0.01521164021164021 0.011904761904761904
0 0.5458002645502645 0.7232142857142857 0.021494708994708994 0.017361111111111112
0 0.9558531746031746 0.728546626984127 0.020833333333333332 0.019097222222222224
0 0.451223544973545 0.7465277777777778 0.02017195767195767 0.015376984126984126
0 0.20171957671957672 0.7467757936507936 0.015873015873015872 0.010912698412698412
0 0.6326058201058201 0.7470238095238095 0.016534391534391533 0.015376984126984126
0 0.69130291005291 0.7475198412698413 0.023478835978835978 0.020833333333333332
0 0.5747354497354498 0.7478918650793651 0.025793650793650792 0.01711309523809524
0 0.8141534391534392 0.7503720238095238 0.023809523809523808 0.016121031746031748
0 0.7521494708994709 0.7503720238095238 0.03802910052910053 0.0220734126984127
0 0.2316468253968254 0.7698412698412699 0.0248015873015873 0.014384920634920634
0 0.3584656084656085 0.7703373015873016 0.017195767195767195 0.013392857142857142
0 0.48032407407407407 0.771453373015873 0.022817460317460316 0.013640873015873016
0 0.7870370370370371 0.7720734126984127 0.02976190476190476 0.020833333333333332
0 0.6638558201058201 0.7736855158730159 0.03406084656084656 0.024057539682539684
0 0.9014550264550265 0.7746775793650794 0.017195767195767195 0.018105158730158732
0 0.09722222222222222 0.7790178571428571 0.016534391534391533 0.010912698412698412
0 0.5745701058201058 0.7946428571428571 0.03207671957671958 0.018353174603174604
0 0.9793320105820106 0.7977430555555556 0.04133597883597884 0.028025793650793652
0 0.6332671957671958 0.7982390873015873 0.03373015873015873 0.017609126984126984
0 0.8735119047619048 0.7998511904761905 0.036044973544973546 0.020833333333333332
0 0.04183201058201058 0.10478670634920635 0.027447089947089946 0.020089285714285716
0 0.14252645502645503 0.10540674603174603 0.047619047619047616 0.03571428571428571
0 0.6372354497354498 0.10887896825396826 0.017857142857142856 0.020833333333333332
0 0.2881944444444444 0.12624007936507936 0.04332010582010582 0.031746031746031744
0 0.5198412698412699 0.1371527777777778 0.03306878306878307 0.027777777777777776
0 0.7113095238095238 0.14558531746031747 0.037698412698412696 0.03422619047619048
0 0.7665343915343915 0.16592261904761904 0.016534391534391533 0.013888888888888888
0 0.38508597883597884 0.16654265873015872 0.04265873015873016 0.03149801587301587
0 0.20849867724867724 0.17137896825396826 0.0333994708994709 0.022817460317460316
0 0.597718253968254 0.1779513888888889 0.018849206349206348 0.01711309523809524
0 0.45006613756613756 0.18117559523809523 0.02447089947089947 0.019593253968253968
0 0.5094246031746031 0.18985615079365079 0.023478835978835978 0.014136904761904762
0 0.09738756613756613 0.1909722222222222 0.05125661375661376 0.043154761904761904
0 0.16683201058201058 0.19593253968253968 0.026124338624338623 0.017857142857142856
0 0.24553571428571427 0.20399305555555555 0.03736772486772487 0.031994047619047616
0 0.6744378306878307 0.21490575396825398 0.021494708994708994 0.015128968253968254
0 0.7263558201058201 0.21986607142857142 0.034722222222222224 0.026537698412698412
0 0.4441137566137566 0.23325892857142858 0.02513227513227513 0.01711309523809524
0 0.5028108465608465 0.23809523809523808 0.02943121693121693 0.028769841269841268
0 0.3513558201058201 0.2418154761904762 0.04861111111111111 0.036210317460317464
0 0.13855820105820105 0.024553571428571428 0.027777777777777776 0.01984126984126984