0 0.26851851851851855 0.26004464285714285 0.0496031746031746 0.05133928571428571
0 0.47007275132275134 0.2725694444444444 0.021494708994708994 0.03273809523809524
0 0.6828703703703703 0.28311011904761907 0.02976190476190476 0.025049603174603176
0 0.8167989417989417 0.28422619047619047 0.025793650793650792 0.025297619047619048
0 0.5438161375661376 0.34052579365079366 0.05125661375661376 0.12301587301587301
0 0.8310185185185185 0.34188988095238093 0.01521164021164021 0.019097222222222224
0 0.9011243386243386 0.3427579365079365 0.061507936507936505 0.08779761904761904
0 0.2835648148148148 0.034970238095238096 0.04662698412698413 0.037698412698412696
0 0.7114748677248677 0.3473462301587302 0.054563492063492064 0.07217261904761904
0 0.7986111111111112 0.3532986111111111 0.04563492063492063 0.056299603174603176
0 0.2638888888888889 0.36681547619047616 0.05357142857142857 0.049107142857142856
0 0.20849867724867724 0.038070436507936505 0.04265873015873016 0.0716765873015873
0 0.3602843915343915 0.3844246031746032 0.03802910052910053 0.032242063492063495
0 0.46709656084656087 0.39012896825396826 0.018849206349206348 0.019345238095238096
0 0.6317791005291006 0.42063492063492064 0.03869047619047619 0.037698412698412696
0 0.4632936507936508 0.4283234126984127 0.01984126984126984 0.023809523809523808
0 0.9469246031746031 0.4306795634920635 0.01951058201058201 0.03546626984126984
0 0.30968915343915343 0.43080357142857145 0.04927248677248677 0.040674603174603176
0 0.8073743386243386 0.43427579365079366 0.04265873015873016 0.05555555555555555
0 0.05423280423280423 0.4401041666666667 0.08068783068783068 0.11631944444444445
0 0.5565476190476191 0.4417162698412698 0.03968253968253968 0.037698412698412696
0 0.5368716931216931 0.04563492063492063 0.012235449735449735 0.03819444444444445
0 0.6235119047619048 0.4564732142857143 0.0539021164021164 0.03943452380952381
0 0.4895833333333333 0.045882936507936505 0.05787037037037037 0.057539682539682536
0 0.8548280423280423 0.4663938492063492 0.036375661375661374 0.045882936507936505
0 0.7152777777777778 0.47867063492063494 0.037037037037037035 0.08234126984126984
0 0.9773478835978836 0.48226686507936506 0.021494708994708994 0.03546626984126984
0 0.9115410052910053 0.48759920634920634 0.036044973544973546 0.10466269841269842
0 0.37334656084656087 0.050595238095238096 0.021825396825396824 0.03968253968253968
0 0.9527116402116402 0.5198412698412699 0.00992063492063492 0.013888888888888888
0 0.16220238095238096 0.05233134920634921 0.05125661375661376 0.0441468253968254
0 0.8657407407407407 0.5234375 0.03439153439153439 0.035962301587301584
0 0.39384920634920634 0.5466269841269841 0.05555555555555555 0.061507936507936505
0 0.29398148148148145 0.5474950396825397 0.036375661375661374 0.025049603174603176
0 0.4991732804232804 0.5534474206349206 0.0744047619047619 0.10491071428571429
0 0.8470568783068783 0.5789930555555556 0.028108465608465607 0.10143849206349206
0 0.043154761904761904 0.5829613095238095 0.08167989417989419 0.12425595238095238
0 0.298776455026455 0.5915178571428571 0.056878306878306875 0.05654761904761905
0 0.9866071428571429 0.6142113095238095 0.016865079365079364 0.020089285714285716
0 0.6276455026455027 0.6352926587301587 0.013888888888888888 0.02058531746031746
0 0.7918320105820106 0.644469246031746 0.05191798941798942 0.034970238095238096
0 0.988260582010582 0.6618303571428571 0.022817460317460316 0.07018849206349206
0 0.8277116402116402 0.6870039682539683 0.03306878306878307 0.053075396825396824
0 0.6663359788359788 0.6986607142857143 0.04298941798941799 0.05357142857142857
0 0.7139550264550265 0.7337549603174603 0.04298941798941799 0.04092261904761905
0 0.988260582010582 0.7400793650793651 0.022817460317460316 0.04513888888888889
0 0.7754629629629629 0.7647569444444444 0.02447089947089947 0.021081349206349208
0 0.7217261904761905 0.7728174603174603 0.026785714285714284 0.037698412698412696
0 0.48330026455026454 0.8106398809523809 0.02943121693121693 0.029017857142857144
0 0.22668650793650794 0.8983134920634921 0.055224867724867725 0.060515873015873016
0 0.330026455026455 0.9216269841269841 0.0667989417989418 0.07738095238095238
0 0.6028439153439153 0.09288194444444445 0.027777777777777776 0.029265873015873016
0 0.6765873015873016 0.1056547619047619 0.03571428571428571 0.05009920634920635
0 0.2199074074074074 0.13690476190476192 0.07142857142857142 0.07539682539682539
0 0.43898809523809523 0.14484126984126985 0.07308201058201058 0.0689484126984127
0 0.6572420634920635 0.15290178571428573 0.028108465608465607 0.029513888888888888
0 0.5396825396825397 0.1552579365079365 0.036375661375661374 0.03447420634920635
0 0.10912698412698413 0.15885416666666666 0.062169312169312166 0.04985119047619048
0 0.8136574074074074 0.18737599206349206 0.01951058201058201 0.022569444444444444
0 0.2177579365079365 0.19146825396825398 0.07374338624338625 0.050595238095238096
0 0.6284722222222222 0.20287698412698413 0.07572751322751323 0.07118055555555555
0 0.7544642857142857 0.20944940476190477 0.06580687830687831 0.0642361111111111
0 0.5348875661375662 0.22420634920634921 0.040013227513227514 0.031746031746031744
0 0.8148148148148148 0.23387896825396826 0.02447089947089947 0.02628968253968254
0 0.7076719576719577 0.2357390873015873 0.0291005291005291 0.02554563492063492
0 0.40062830687830686 0.23598710317460317 0.03935185185185185 0.028025793650793652
0 0.8811177248677249 0.2411954365079365 0.06117724867724868 0.08556547619047619
1 0.08928571428571429 0.7724454365079365 0.16964285714285715 0.21651785714285715
1 0.39699074074074076 0.7367311507936508 0.07738095238095238 0.16964285714285715
1 0.5044642857142857 0.7462797619047619 0.1302910052910053 0.3645833333333333
1 0.6825396825396826 0.5667162698412699 0.2027116402116402 0.11557539682539683
1 0.27414021164021163 0.5277777777777778 0.21428571428571427 0.08382936507936507
1 0.148478835978836 0.16021825396825398 0.24107142857142858 0.32043650793650796
0 0.00958994708994709 0.3428819444444444 0.01917989417989418 0.024305555555555556
1 0.45965608465608465 0.07328869047619048 0.1636904761904762 0.14657738095238096
1 0.9431216931216931 0.3412698412698413 0.0710978835978836 0.15401785714285715
1 0.8923611111111112 0.5782490079365079 0.0667989417989418 0.024057539682539684
0 0.9181547619047619 0.5770089285714286 0.007275132275132275 0.003968253968253968
1 0.8796296296296297 0.6716269841269841 0.08101851851851852 0.04290674603174603
1 0.8452380952380952 0.7688492063492064 0.06977513227513228 0.0642361111111111
0 0.7251984126984127 0.43154761904761907 0.006283068783068783 0.008432539682539682
0 0.7390873015873016 0.48040674603174605 0.004629629629629629 0.005952380952380952
0 0.7903439153439153 0.5017361111111112 0.011574074074074073 0.016121031746031748
1 0.7751322751322751 0.4849950396825397 0.07341269841269842 0.060267857142857144
1 0.7418981481481481 0.46837797619047616 0.0496031746031746 0.09499007936507936
0 0.6476521164021164 0.279265873015873 0.010582010582010581 0.019345238095238096
0 0.6549272486772487 0.27356150793650796 0.010912698412698412 0.019345238095238096