0 0.6418650793650794 0.2486359126984127 0.018849206349206348 0.014384920634920634
0 0.8060515873015873 0.26413690476190477 0.01951058201058201 0.013888888888888888
0 0.5873015873015873 0.26450892857142855 0.04563492063492063 0.03447420634920635
0 0.7177579365079365 0.26773313492063494 0.04265873015873016 0.028273809523809524
0 0.490244708994709 0.3004712301587302 0.045965608465608467 0.035962301587301584
0 0.2199074074074074 0.032242063492063495 0.06084656084656084 0.028521825396825396
0 0.9503968253968254 0.31039186507936506 0.09854497354497355 0.08308531746031746
0 0.84755291005291 0.3253968253968254 0.09126984126984126 0.03819444444444445
0 0.9432870370370371 0.03311011904761905 0.026785714285714284 0.016121031746031748
0 0.5309193121693122 0.3446180555555556 0.010912698412698412 0.011656746031746032
0 0.7337962962962963 0.3556547619047619 0.03935185185185185 0.061507936507936505
0 0.230489417989418 0.35962301587301587 0.022817460317460316 0.015376984126984126
0 0.2906746031746032 0.35987103174603174 0.012566137566137565 0.015376984126984126
0 0.07953042328042328 0.3661954365079365 0.07572751322751323 0.1056547619047619
0 0.8602843915343915 0.37524801587301587 0.07936507936507936 0.06299603174603174
0 0.45783730158730157 0.37512400793650796 0.050595238095238096 0.044642857142857144
0 0.6598875661375662 0.3836805555555556 0.01984126984126984 0.014136904761904762
0 0.7845568783068783 0.4184027777777778 0.023148148148148147 0.013888888888888888
0 0.20089285714285715 0.4201388888888889 0.03042328042328042 0.015128968253968254
0 0.6056547619047619 0.4273313492063492 0.07407407407407407 0.03521825396825397
0 0.9490740740740741 0.45300099206349204 0.016534391534391533 0.014136904761904762
0 0.8599537037037037 0.45461309523809523 0.08465608465608465 0.08407738095238096
0 0.12764550264550265 0.47470238095238093 0.027116402116402115 0.013888888888888888
0 0.024305555555555556 0.4904513888888889 0.04662698412698413 0.03273809523809524
0 0.44642857142857145 0.505828373015873 0.04828042328042328 0.04389880952380952
0 0.4191468253968254 0.5205853174603174 0.056216931216931214 0.04513888888888889
0 0.8344907407407407 0.5438988095238095 0.026124338624338623 0.024305555555555556
0 0.9556878306878307 0.5451388888888888 0.050595238095238096 0.041666666666666664
0 0.0419973544973545 0.053323412698412696 0.083994708994709 0.05431547619047619
0 0.18072089947089948 0.5584077380952381 0.017857142857142856 0.01711309523809524
0 0.23660714285714285 0.5633680555555556 0.018518518518518517 0.00992063492063492
0 0.3482142857142857 0.5679563492063492 0.03869047619047619 0.0248015873015873
0 0.06878306878306878 0.5720486111111112 0.1335978835978836 0.06473214285714286
0 0.33664021164021163 0.05654761904761905 0.046296296296296294 0.022817460317460316
0 0.4444444444444444 0.6052827380952381 0.022486772486772486 0.019593253968253968
0 0.24933862433862433 0.6121031746031746 0.017195767195767195 0.00992063492063492
0 0.7571097883597884 0.6781994047619048 0.05555555555555555 0.03249007936507937
0 0.9193121693121693 0.07477678571428571 0.026124338624338623 0.021081349206349208
0 0.48478835978835977 0.7521081349206349 0.041005291005291 0.023809523809523808
0 0.08961640211640212 0.7549603174603174 0.02414021164021164 0.018353174603174604
0 0.7872023809523809 0.07651289682539683 0.12731481481481483 0.08878968253968254
0 0.3951719576719577 0.0923859126984127 0.05787037037037037 0.044890873015873016
0 0.13955026455026456 0.09908234126984126 0.051587301587301584 0.032242063492063495
0 0.6633597883597884 0.10404265873015874 0.05291005291005291 0.015376984126984126
0 0.01025132275132275 0.1314484126984127 0.0205026455026455 0.024305555555555556
0 0.296792328042328 0.13169642857142858 0.046957671957671955 0.023313492063492064
0 0.6033399470899471 0.14149305555555555 0.06580687830687831 0.048859126984126984
0 0.5234788359788359 0.1511656746031746 0.05357142857142857 0.04513888888888889
0 0.7638888888888888 0.16158234126984128 0.04034391534391534 0.026785714285714284
0 0.22635582010582012 0.16455853174603174 0.05919312169312169 0.04290674603174603
0 0.9639550264550265 0.18563988095238096 0.07208994708994709 0.07415674603174603
0 0.4753637566137566 0.018849206349206348 0.11607142857142858 0.037698412698412696
0 0.013227513227513227 0.18898809523809523 0.026455026455026454 0.028273809523809524
0 0.703042328042328 0.20362103174603174 0.04034391534391534 0.026537698412698412
0 0.2551256613756614 0.20721726190476192 0.02943121693121693 0.03050595238095238
0 0.04497354497354497 0.22296626984126985 0.021825396825396824 0.015376984126984126
0 0.7784391534391535 0.22470238095238096 0.026455026455026454 0.0248015873015873
0 0.3316798941798942 0.23214285714285715 0.010912698412698412 0.011408730158730158
0 0.14930555555555555 0.24677579365079366 0.07374338624338625 0.043154761904761904
0 0.6226851851851852 0.4696180555555556 0.017526455026455025 0.022321428571428572
0 0.6069775132275133 0.451140873015873 0.016203703703703703 0.005952380952380952
0 0.2614087301587302 0.38603670634920634 0.01521164021164021 0.01314484126984127
0 0.2873677248677249 0.3294890873015873 0.01521164021164021 0.021081349206349208
1 0.2986111111111111 0.6804315476190477 0.09953703703703703 0.06994047619047619
1 0.20618386243386244 0.5895337301587301 0.1574074074074074 0.11185515873015874
1 0.42212301587301587 0.5102926587301587 0.18584656084656084 0.15029761904761904
1 0.5791997354497355 0.470734126984127 0.1173941798941799 0.07018849206349206
1 0.2576058201058201 0.3689236111111111 0.16997354497354497 0.32415674603174605
1 0.022156084656084655 0.34424603174603174 0.04431216931216931 0.10466269841269842
1 0.453207671957672 0.2255704365079365 0.12466931216931217 0.06101190476190476
1 0.5119047619047619 0.3557787698412698 0.10813492063492064 0.09250992063492064