0 0.6706349206349206 0.2554563492063492 0.022486772486772486 0.01984126984126984
0 0.13607804232804233 0.2646329365079365 0.03935185185185185 0.028273809523809524
0 0.2612433862433862 0.2709573412698413 0.13095238095238096 0.08308531746031746
0 0.4755291005291005 0.27740575396825395 0.0667989417989418 0.04141865079365079
0 0.8827711640211641 0.28087797619047616 0.02546296296296296 0.015128968253968254
0 0.7594246031746031 0.32006448412698413 0.05257936507936508 0.027529761904761904
0 0.517526455026455 0.32217261904761907 0.018518518518518517 0.019345238095238096
0 0.5697751322751323 0.32242063492063494 0.037037037037037035 0.0248015873015873
0 0.6818783068783069 0.3333333333333333 0.046296296296296294 0.031746031746031744
0 0.3159722222222222 0.34486607142857145 0.026124338624338623 0.015128968253968254
0 0.43468915343915343 0.3482142857142857 0.054563492063492064 0.049107142857142856
0 0.14136904761904762 0.3509424603174603 0.040013227513227514 0.0248015873015873
0 0.99619708994709 0.3509424603174603 0.007605820105820105 0.07490079365079365
0 0.6949404761904762 0.37996031746031744 0.022817460317460316 0.015873015873015872
0 0.8913690476190477 0.38950892857142855 0.028769841269841268 0.017609126984126984
0 0.33465608465608465 0.3900049603174603 0.02976190476190476 0.021081349206349208
0 0.8101851851851852 0.3984375 0.05489417989417989 0.03050595238095238
0 0.7166005291005291 0.40674603174603174 0.023148148148148147 0.017361111111111112
0 0.5471230158730159 0.41183035714285715 0.04133597883597884 0.022569444444444444
0 0.48478835978835977 0.4133184523809524 0.0539021164021164 0.03050595238095238
0 0.6279761904761905 0.43266369047619047 0.04431216931216931 0.03695436507936508
0 0.27728174603174605 0.4339037698412698 0.018849206349206348 0.008680555555555556
0 0.8984788359788359 0.44060019841269843 0.03306878306878307 0.03050595238095238
0 0.23892195767195767 0.44320436507936506 0.023478835978835978 0.018353174603174604
0 0.2824074074074074 0.4494047619047619 0.042328042328042326 0.03373015873015873
0 0.251984126984127 0.04600694444444445 0.05291005291005291 0.034970238095238096
0 0.8690476190476191 0.4670138888888889 0.04034391534391534 0.023809523809523808
0 0.781415343915344 0.47197420634920634 0.05026455026455026 0.03373015873015873
0 0.36772486772486773 0.4759424603174603 0.05291005291005291 0.031746031746031744
0 0.2199074074074074 0.4956597222222222 0.03835978835978836 0.021577380952380952
0 0.06233465608465608 0.5071924603174603 0.03736772486772487 0.10168650793650794
0 0.3098544973544973 0.5158730158730159 0.023148148148148147 0.028769841269841268
0 0.9737103174603174 0.5162450396825397 0.05191798941798942 0.047867063492063495
0 0.2837301587301587 0.5187251984126984 0.013227513227513227 0.012648809523809524
0 0.6588955026455027 0.5203373015873016 0.022156084656084655 0.011408730158730158
0 0.7045304232804233 0.5301339285714286 0.03207671957671958 0.026537698412698412
0 0.5009920634920635 0.5349702380952381 0.02513227513227513 0.015873015873015872
0 0.6744378306878307 0.5354662698412699 0.01951058201058201 0.015873015873015872
0 0.6357473544973545 0.5364583333333334 0.013558201058201057 0.013888888888888888
0 0.875165343915344 0.5494791666666666 0.0625 0.034970238095238096
0 0.41964285714285715 0.5652281746031746 0.05423280423280423 0.03273809523809524
0 0.07886904761904762 0.5706845238095238 0.022156084656084655 0.014384920634920634
0 0.19890873015873015 0.5715525793650794 0.02943121693121693 0.01711309523809524
0 0.9343584656084656 0.5905257936507936 0.045304232804232805 0.025297619047619048
0 0.8025793650793651 0.591765873015873 0.04298941798941799 0.030257936507936508
0 0.5934193121693122 0.060515873015873016 0.0710978835978836 0.04662698412698413
0 0.5289351851851852 0.6034226190476191 0.028108465608465607 0.03273809523809524
0 0.9935515873015873 0.6106150793650794 0.012235449735449735 0.017361111111111112
0 0.7600859788359788 0.06336805555555555 0.04133597883597884 0.021577380952380952
0 0.3718584656084656 0.6341765873015873 0.05125661375661376 0.03571428571428571
0 0.4515542328042328 0.06349206349206349 0.09821428571428571 0.07738095238095238
0 0.9361772486772487 0.6364087301587301 0.03835978835978836 0.017361111111111112
0 0.14252645502645503 0.6416170634920635 0.11177248677248677 0.04811507936507937
0 0.7549603174603174 0.6470734126984127 0.028439153439153438 0.015128968253968254
0 0.20816798941798942 0.6475694444444444 0.14054232804232805 0.06994047619047619
0 0.33812830687830686 0.06498015873015874 0.04332010582010582 0.025793650793650792
0 0.5124007936507936 0.6626984126984127 0.05125661375661376 0.033234126984126984
0 0.33564814814814814 0.6716269841269841 0.031084656084656083 0.016865079365079364
0 0.6767526455026455 0.6726190476190477 0.07242063492063493 0.04563492063492063
0 0.043154761904761904 0.6831597222222222 0.028769841269841268 0.019593253968253968
0 0.29811507936507936 0.6872519841269841 0.028108465608465607 0.01488095238095238
0 0.451223544973545 0.6873759920634921 0.03141534391534392 0.02058531746031746
0 0.5934193121693122 0.6877480158730159 0.04133597883597884 0.020833333333333332
0 0.27562830687830686 0.7213541666666666 0.08697089947089948 0.05133928571428571
0 0.611441798941799 0.7374751984126984 0.057539682539682536 0.028025793650793652
0 0.9594907407407407 0.7548363095238095 0.0419973544973545 0.023561507936507936
0 0.5424933862433863 0.7528521825396826 0.03207671957671958 0.017609126984126984
0 0.746031746031746 0.7719494047619048 0.13161375661375663 0.0798611111111111
0 0.9019510582010583 0.7829861111111112 0.045304232804232805 0.023809523809523808
0 0.10284391534391535 0.7884424603174603 0.19775132275132276 0.17063492063492064
0 0.23759920634920634 0.8060515873015873 0.040674603174603176 0.0248015873015873
0 0.3404431216931217 0.8117559523809523 0.04398148148148148 0.023809523809523808
0 0.39285714285714285 0.8185763888888888 0.018518518518518517 0.022569444444444444
0 0.9626322751322751 0.8196924603174603 0.0291005291005291 0.01488095238095238
0 0.4722222222222222 0.8482142857142857 0.05357142857142857 0.04712301587301587
0 0.9079034391534392 0.8592509920634921 0.10152116402116403 0.05927579365079365
0 0.15823412698412698 0.08680555555555555 0.02943121693121693 0.018849206349206348
0 0.20767195767195767 0.8803323412698413 0.04034391534391534 0.021825396825396824
0 0.8923611111111112 0.09040178571428571 0.028769841269841268 0.02554563492063492
0 0.4973544973544973 0.9215029761904762 0.041005291005291 0.017609126984126984
0 0.8189484126984127 0.09300595238095238 0.028108465608465607 0.014384920634920634
0 0.28869047619047616 0.9378720238095238 0.03042328042328042 0.03298611111111111
0 0.1962632275132275 0.972718253968254 0.040674603174603176 0.040674603174603176
0 0.7027116402116402 0.1001984126984127 0.07605820105820106 0.0882936507936508
0 0.27331349206349204 0.11408730158730158 0.03935185185185185 0.02976190476190476
0 0.7607473544973545 0.12165178571428571 0.04861111111111111 0.04389880952380952
0 0.12566137566137567 0.14546130952380953 0.03505291005291005 0.02554563492063492
0 0.4029431216931217 0.1470734126984127 0.04398148148148148 0.02628968253968254
0 0.9052579365079365 0.15426587301587302 0.049933862433862435 0.030753968253968252
0 0.5347222222222222 0.1593501984126984 0.01984126984126984 0.016121031746031748
0 0.29447751322751325 0.1675347222222222 0.022156084656084655 0.020089285714285716
0 0.613260582010582 0.17571924603174602 0.06117724867724868 0.024057539682539684
0 0.48412698412698413 0.20399305555555555 0.05423280423280423 0.035962301587301584
0 0.21924603174603174 0.20771329365079366 0.0667989417989418 0.13268849206349206
0 0.9953703703703703 0.21106150793650794 0.008597883597883597 0.028769841269841268
0 0.5788690476190477 0.21378968253968253 0.035383597883597885 0.020833333333333332
0 0.38756613756613756 0.23449900793650794 0.02976190476190476 0.020089285714285716
0 0.74619708994709 0.24305555555555555 0.05257936507936508 0.032242063492063495
1 0.2663690476190476 0.4419642857142857 0.11375661375661375 0.08035714285714286
1 0.28703703703703703 0.5122767857142857 0.09391534391534391 0.0597718253968254
1 0.35697751322751325 0.8185763888888888 0.11144179894179894 0.07961309523809523
1 0.03290343915343916 0.9681299603174603 0.06580687830687831 0.05803571428571429
0 0.7997685185185185 0.720734126984127 0.011904761904761904 0.009424603174603174
0 0.84375 0.6786954365079365 0.07605820105820106 0.09102182539682539
0 0.8377976190476191 0.7346230158730159 0.07903439153439154 0.07713293650793651
0 0.5618386243386243 0.5783730158730159 0.01488095238095238 0.006944444444444444
1 0.5671296296296297 0.6076388888888888 0.12037037037037036 0.07514880952380952
1 0.6704695767195767 0.537078373015873 0.12466931216931217 0.07688492063492064
1 0.779431216931217 0.11148313492063493 0.17162698412698413 0.16691468253968253