0 0.3445767195767196 0.25756448412698413 0.056878306878306875 0.036458333333333336
0 0.6610449735449735 0.27666170634920634 0.056878306878306875 0.036458333333333336
0 0.22800925925925927 0.2795138888888889 0.03935185185185185 0.03273809523809524
0 0.8940145502645502 0.287078373015873 0.01951058201058201 0.026041666666666668
0 0.746031746031746 0.30146329365079366 0.0667989417989418 0.05233134920634921
0 0.9937169312169312 0.30431547619047616 0.011904761904761904 0.03521825396825397
0 0.14517195767195767 0.33196924603174605 0.036375661375661374 0.031001984126984128
0 0.024305555555555556 0.3323412698412698 0.012235449735449735 0.015873015873015872
0 0.01240079365079365 0.34350198412698413 0.0248015873015873 0.08085317460317461
0 0.06001984126984127 0.3505704365079365 0.040013227513227514 0.07415674603174603
0 0.574239417989418 0.36768353174603174 0.04794973544973545 0.031994047619047616
0 0.8702050264550265 0.3680555555555556 0.18816137566137567 0.10218253968253968
0 0.47238756613756616 0.36867559523809523 0.12665343915343916 0.11780753968253968
0 0.9920634920634921 0.37785218253968256 0.01521164021164021 0.031994047619047616
0 0.15476190476190477 0.4069940476190476 0.027116402116402115 0.01636904761904762
0 0.589781746031746 0.04389880952380952 0.08564814814814815 0.07688492063492064
0 0.5844907407407407 0.44580853174603174 0.0710978835978836 0.03149801587301587
0 0.23859126984126985 0.4585813492063492 0.06845238095238096 0.041666666666666664
0 0.3115079365079365 0.4636656746031746 0.036375661375661374 0.01711309523809524
0 0.7741402116402116 0.4642857142857143 0.02017195767195767 0.013888888888888888
0 0.12764550264550265 0.46577380952380953 0.07341269841269842 0.049107142857142856
0 0.75380291005291 0.47606646825396826 0.023478835978835978 0.021081349206349208
0 0.4007936507936508 0.48747519841269843 0.0205026455026455 0.012152777777777778
0 0.6689814814814815 0.49330357142857145 0.09259259259259259 0.08085317460317461
0 0.7427248677248677 0.5200892857142857 0.046296296296296294 0.025297619047619048
0 0.4905753968253968 0.5219494047619048 0.07208994708994709 0.026785714285714284
0 0.4131944444444444 0.5259176587301587 0.0205026455026455 0.011904761904761904
0 0.115244708994709 0.5285218253968254 0.036044973544973546 0.025297619047619048
0 0.833994708994709 0.5301339285714286 0.027447089947089946 0.016121031746031748
0 0.06167328042328042 0.5308779761904762 0.045304232804232805 0.05084325396825397
0 0.24586640211640212 0.5365823412698413 0.04927248677248677 0.05381944444444445
0 0.3416005291005291 0.5565476190476191 0.06812169312169312 0.08035714285714286
0 0.49950396825396826 0.5902777777777778 0.04927248677248677 0.03571428571428571
0 0.16832010582010581 0.6065228174603174 0.03306878306878307 0.020089285714285716
0 0.3768187830687831 0.6123511904761905 0.018849206349206348 0.017361111111111112
0 0.5958994708994709 0.6183035714285714 0.06613756613756613 0.03968253968253968
0 0.7919973544973545 0.6231398809523809 0.04728835978835979 0.018105158730158732
0 0.2220568783068783 0.6383928571428571 0.05257936507936508 0.030753968253968252
0 0.09077380952380952 0.6452132936507936 0.04861111111111111 0.050347222222222224
0 0.5539021164021164 0.6496775793650794 0.052248677248677246 0.029017857142857144
0 0.7063492063492064 0.6545138888888888 0.11904761904761904 0.10143849206349206
0 0.31994047619047616 0.6607142857142857 0.03141534391534392 0.024057539682539684
0 0.2698412698412698 0.6651785714285714 0.03571428571428571 0.023313492063492064
0 0.1402116402116402 0.6741071428571429 0.06084656084656084 0.050595238095238096
0 0.6150793650793651 0.6805555555555556 0.09656084656084656 0.08680555555555555
0 0.4601521164021164 0.6923363095238095 0.0763888888888889 0.03695436507936508
0 0.7142857142857143 0.7135416666666666 0.09953703703703703 0.054563492063492064
0 0.8336640211640212 0.07390873015873016 0.08862433862433862 0.07043650793650794
0 0.30853174603174605 0.7446676587301587 0.023809523809523808 0.014632936507936508
0 0.20734126984126985 0.7632688492063492 0.04894179894179894 0.038938492063492064
0 0.5391865079365079 0.7668650793650794 0.07572751322751323 0.04563492063492063
0 0.4350198412698413 0.7775297619047619 0.026124338624338623 0.01636904761904762
0 0.3913690476190476 0.7785218253968254 0.021494708994708994 0.015873015873015872
0 0.6119378306878307 0.7814980158730159 0.026124338624338623 0.023313492063492064
0 0.36243386243386244 0.810515873015873 0.18518518518518517 0.10813492063492064
0 0.515707671957672 0.8236607142857143 0.07043650793650794 0.0441468253968254
0 0.22635582010582012 0.8405257936507936 0.04861111111111111 0.04563492063492063
0 0.28158068783068785 0.8483382936507936 0.050595238095238096 0.029017857142857144
0 0.3664021164021164 0.09151785714285714 0.05357142857142857 0.037698412698412696
0 0.33581349206349204 0.9200148809523809 0.05555555555555555 0.036210317460317464
0 0.2088293650793651 0.09821428571428571 0.022156084656084655 0.020833333333333332
0 0.7743055555555556 0.12958829365079366 0.06845238095238096 0.037450396825396824
0 0.15360449735449735 0.13702876984126985 0.0248015873015873 0.01711309523809524
0 0.05291005291005291 0.1457093253968254 0.10582010582010581 0.1736111111111111
0 0.9401455026455027 0.14930555555555555 0.04365079365079365 0.033482142857142856
0 0.5386904761904762 0.16555059523809523 0.20105820105820105 0.12822420634920634
0 0.31316137566137564 0.17299107142857142 0.05555555555555555 0.037450396825396824
0 0.8326719576719577 0.19208829365079366 0.06812169312169312 0.03695436507936508
0 0.12665343915343916 0.19754464285714285 0.07539682539682539 0.05381944444444445
0 0.9732142857142857 0.22879464285714285 0.04497354497354497 0.03943452380952381
0 0.685515873015873 0.2439236111111111 0.06944444444444445 0.041914682539682536
0 0.1509589947089947 0.7699652777777778 0.00992063492063492 0.005456349206349206
0 0.12698412698412698 0.7274305555555556 0.00992063492063492 0.01711309523809524
0 0.12400793650793651 0.7331349206349206 0.00992063492063492 0.011656746031746032
0 0.10251322751322751 0.7338789682539683 0.023809523809523808 0.031001984126984128
0 0.09143518518518519 0.7409474206349206 0.006944444444444444 0.01066468253968254
0 0.09060846560846561 0.7486359126984127 0.011574074074074073 0.023313492063492064
0 0.09904100529100529 0.761780753968254 0.006944444444444444 0.010168650793650794
0 0.12251984126984126 0.7657490079365079 0.036375661375661374 0.04662698412698413
0 0.12037037037037036 0.7893105158730159 0.01984126984126984 0.022321428571428572
0 0.13525132275132276 0.8092757936507936 0.017526455026455025 0.023065476190476192
0 0.14996693121693122 0.8323412698412699 0.02513227513227513 0.03149801587301587
0 0.16021825396825398 0.8650793650793651 0.01951058201058201 0.018105158730158732
0 0.12384259259259259 0.8483382936507936 0.007275132275132275 0.007688492063492063
0 0.1466600529100529 0.8715277777777778 0.05423280423280423 0.07713293650793651
0 0.12698412698412698 0.8173363095238095 0.017195767195767195 0.017609126984126984
0 0.07787698412698413 0.7037450396825397 0.0333994708994709 0.04538690476190476
0 0.059854497354497355 0.6733630952380952 0.018187830687830687 0.010416666666666666
0 0.041666666666666664 0.6345486111111112 0.012235449735449735 0.025297619047619048
0 0.062003968253968256 0.6077628968253969 0.036375661375661374 0.038938492063492064
0 0.04017857142857143 0.45300099206349204 0.013558201058201057 0.015128968253968254
0 0.017361111111111112 0.45424107142857145 0.03141534391534392 0.07242063492063493
0 0.028604497354497355 0.46316964285714285 0.021164021164021163 0.03249007936507937
0 0.01603835978835979 0.4673859126984127 0.012235449735449735 0.011904761904761904
0 0.028935185185185185 0.4945436507936508 0.010582010582010581 0.018601190476190476
0 0.029927248677248677 0.5102926587301587 0.007275132275132275 0.013888888888888888
0 0.024966931216931217 0.48387896825396826 0.007605820105820105 0.008432539682539682
0 0.051421957671957674 0.5553075396825397 0.0667989417989418 0.10912698412698413
0 0.0333994708994709 0.5775049603174603 0.008267195767195767 0.005456349206349206
0 0.03869047619047619 0.5870535714285714 0.010582010582010581 0.012152777777777778
0 0.018022486772486773 0.41083829365079366 0.01455026455026455 0.013888888888888888
0 0.02066798941798942 0.29203869047619047 0.008597883597883597 0.020089285714285716
0 0.023974867724867725 0.27455357142857145 0.005621693121693121 0.015128968253968254
0 0.025793650793650792 0.22234623015873015 0.011574074074074073 0.02132936507936508
0 0.2622354497354497 0.4290674603174603 0.01984126984126984 0.011408730158730158
0 0.259755291005291 0.4365079365079365 0.02017195767195767 0.009176587301587302
1 0.2091600529100529 0.36755952380952384 0.2830687830687831 0.2628968253968254
1 0.038525132275132275 0.6343005952380952 0.018518518518518517 0.041914682539682536
1 0.07126322751322751 0.6459573412698413 0.04861111111111111 0.06994047619047619
1 0.03654100529100529 0.5793650793650794 0.013888888888888888 0.015376984126984126
1 0.12037037037037036 0.8131200396825397 0.021494708994708994 0.041666666666666664
1 0.6030092592592593 0.6649305555555556 0.1984126984126984 0.1746031746031746
1 0.7068452380952381 0.48834325396825395 0.24074074074074073 0.18601190476190477
0 0.9690806878306878 0.46688988095238093 0.0205026455026455 0.01240079365079365
0 0.9666005291005291 0.5393105158730159 0.04332010582010582 0.027529761904761904
0 0.9875992063492064 0.5654761904761905 0.0248015873015873 0.030753968253968252
0 0.9313822751322751 0.5969742063492064 0.031746031746031744 0.013640873015873016
0 0.9122023809523809 0.6134672619047619 0.030753968253968252 0.013392857142857142
0 0.8267195767195767 0.626984126984127 0.10681216931216932 0.0625
0 0.8513558201058201 0.6603422619047619 0.02447089947089947 0.015376984126984126
0 0.9176587301587301 0.6625744047619048 0.01455026455026455 0.034722222222222224
0 0.8232473544973545 0.707093253968254 0.03207671957671958 0.01636904761904762
0 0.8359788359788359 0.7154017857142857 0.0291005291005291 0.018601190476190476
0 0.7614087301587301 0.722718253968254 0.04497354497354497 0.028025793650793652
0 0.7974537037037037 0.7395833333333334 0.011243386243386243 0.00744047619047619
0 0.6908068783068783 0.7568204365079365 0.021494708994708994 0.01711309523809524
0 0.6974206349206349 0.7704613095238095 0.022486772486772486 0.015625
0 0.6858465608465608 0.8162202380952381 0.03571428571428571 0.021825396825396824
0 0.6195436507936508 0.8461061507936508 0.03273809523809524 0.023809523809523808
0 0.625 0.8943452380952381 0.02447089947089947 0.030257936507936508
1 0.8993055555555556 0.6633184523809523 0.028439153439153438 0.04662698412698413
1 0.939318783068783 0.5612599206349206 0.12136243386243387 0.16989087301587302
1 0.7838955026455027 0.11445932539682539 0.18154761904761904 0.2123015873015873
0 0.8738425925925926 0.15786210317460317 0.017526455026455025 0.0763888888888889