0 0.5825066137566137 0.2640128968253968 0.02943121693121693 0.024553571428571428
0 0.9943783068783069 0.2777777777777778 0.010912698412698412 0.011408730158730158
0 0.05009920634920635 0.29873511904761907 0.014219576719576719 0.03695436507936508
0 0.39021164021164023 0.3002232142857143 0.04828042328042328 0.044890873015873016
0 0.7719907407407407 0.3055555555555556 0.05787037037037037 0.03571428571428571
0 0.7708333333333334 0.3056795634920635 0.05886243386243386 0.03844246031746032
0 0.1744378306878307 0.32142857142857145 0.05324074074074074 0.03273809523809524
0 0.2594246031746032 0.32428075396825395 0.09424603174603174 0.05580357142857143
0 0.6314484126984127 0.34424603174603174 0.028108465608465607 0.018849206349206348
0 0.3416005291005291 0.03509424603174603 0.12301587301587301 0.07018849206349206
0 0.9811507936507936 0.36247519841269843 0.037037037037037035 0.03298611111111111
0 0.059027777777777776 0.37462797619047616 0.017526455026455025 0.015128968253968254
0 0.7700066137566137 0.3790922619047619 0.12996031746031747 0.10838293650793651
0 0.18171296296296297 0.3852926587301587 0.044642857142857144 0.03149801587301587
0 0.3599537037037037 0.39273313492063494 0.060515873015873016 0.04389880952380952
0 0.562665343915344 0.40625 0.04927248677248677 0.04365079365079365
0 0.05092592592592592 0.038566468253968256 0.10185185185185185 0.07713293650793651
0 0.703042328042328 0.4228670634920635 0.032407407407407406 0.01984126984126984
0 0.12566137566137567 0.42981150793650796 0.052248677248677246 0.03720238095238095
0 0.03373015873015873 0.43179563492063494 0.06613756613756613 0.06324404761904762
0 0.2328042328042328 0.4495287698412698 0.06415343915343916 0.04092261904761905
0 0.10978835978835978 0.47668650793650796 0.06613756613756613 0.050595238095238096
0 0.6071428571428571 0.5158730158730159 0.082010582010582 0.044642857142857144
0 0.1595568783068783 0.5168650793650794 0.03009259259259259 0.016865079365079364
0 0.41947751322751325 0.5212053571428571 0.08366402116402116 0.060267857142857144
0 0.32060185185185186 0.5288938492063492 0.023809523809523808 0.026041666666666668
0 0.6957671957671958 0.5306299603174603 0.031084656084656083 0.014632936507936508
0 0.8449074074074074 0.5517113095238095 0.1541005291005291 0.11135912698412699
0 0.7506613756613757 0.5610119047619048 0.028439153439153438 0.015873015873015872
0 0.027447089947089946 0.5628720238095238 0.05489417989417989 0.04241071428571429
0 0.9786706349206349 0.5694444444444444 0.0419973544973545 0.04017857142857143
0 0.4383267195767196 0.5690724206349206 0.01917989417989418 0.016865079365079364
0 0.3654100529100529 0.5729166666666666 0.061507936507936505 0.02976190476190476
0 0.6772486772486772 0.5744047619047619 0.042328042328042326 0.026785714285714284
0 0.44841269841269843 0.6135912698412699 0.032407407407407406 0.024305555555555556
0 0.3731812169312169 0.6179315476190477 0.04728835978835979 0.03298611111111111
0 0.28720238095238093 0.6204117063492064 0.027447089947089946 0.018105158730158732
0 0.18154761904761904 0.621031746031746 0.06415343915343916 0.03670634920634921
0 0.6650132275132276 0.626984126984127 0.025793650793650792 0.01240079365079365
0 0.9209656084656085 0.6429811507936508 0.05555555555555555 0.030009920634920636
0 0.8617724867724867 0.6635664682539683 0.06746031746031746 0.03546626984126984
0 0.42956349206349204 0.6700148809523809 0.027777777777777776 0.023065476190476192
0 0.7008928571428571 0.6840277777777778 0.06646825396825397 0.047619047619047616
0 0.03968253968253968 0.6898561507936508 0.07275132275132275 0.08407738095238096
0 0.7729828042328042 0.7018849206349206 0.022817460317460316 0.012896825396825396
0 0.29894179894179895 0.7080853174603174 0.037698412698412696 0.01984126984126984
0 0.1775793650793651 0.7178819444444444 0.06283068783068783 0.046875
0 0.8366402116402116 0.71875 0.023148148148148147 0.016865079365079364
0 0.4656084656084656 0.7251984126984127 0.08664021164021164 0.05654761904761905
0 0.638558201058201 0.7284226190476191 0.022486772486772486 0.010912698412698412
0 0.8966600529100529 0.7357390873015873 0.1087962962962963 0.060267857142857144
0 0.5529100529100529 0.7421875 0.07936507936507936 0.05828373015873016
0 0.3192791005291005 0.7600446428571429 0.07506613756613757 0.03447420634920635
0 0.7653769841269841 0.7612847222222222 0.0248015873015873 0.01314484126984127
0 0.7080026455026455 0.7641369047619048 0.015873015873015872 0.00744047619047619
0 0.05357142857142857 0.7909226190476191 0.025793650793650792 0.015873015873015872
0 0.392526455026455 0.7907986111111112 0.036375661375661374 0.026537698412698412
0 0.6149140211640212 0.7937748015873016 0.054563492063492064 0.04241071428571429
0 0.7541335978835979 0.7981150793650794 0.07837301587301587 0.046130952380952384
0 0.9722222222222222 0.8112599206349206 0.025793650793650792 0.013888888888888888
0 0.2614087301587302 0.8156001984126984 0.03869047619047619 0.016617063492063492
0 0.6630291005291006 0.8601190476190477 0.021825396825396824 0.018849206349206348
0 0.3143187830687831 0.8895089285714286 0.10482804232804233 0.047867063492063495
0 0.9966931216931217 0.8978174603174603 0.005952380952380952 0.015873015873015872
0 0.7594246031746031 0.09362599206349206 0.05588624338624339 0.031001984126984128
0 0.14302248677248677 0.09424603174603174 0.10615079365079365 0.07688492063492064
0 0.6086309523809523 0.09474206349206349 0.1841931216931217 0.11259920634920635
0 0.0269510582010582 0.11408730158730158 0.05257936507936508 0.03720238095238095
0 0.2508267195767196 0.15773809523809523 0.040674603174603176 0.030257936507936508
0 0.9538690476190477 0.16257440476190477 0.0916005291005291 0.109375
0 0.7159391534391535 0.17447916666666666 0.09126984126984126 0.036458333333333336
0 0.5590277777777778 0.18638392857142858 0.07506613756613757 0.06770833333333333
0 0.8310185185185185 0.18948412698412698 0.06018518518518518 0.03670634920634921
0 0.2443783068783069 0.20858134920634921 0.027777777777777776 0.027777777777777776
0 0.14930555555555555 0.21626984126984128 0.05919312169312169 0.03571428571428571
0 0.4718915343915344 0.2238343253968254 0.0992063492063492 0.07316468253968254
0 0.33812830687830686 0.24131944444444445 0.09292328042328042 0.07341269841269842
1 0.42046957671957674 0.5406746031746031 0.21924603174603174 0.14360119047619047
1 0.08085317460317461 0.3013392857142857 0.08763227513227513 0.06572420634920635
1 0.07539682539682539 0.43936011904761907 0.15079365079365079 0.1378968253968254
1 0.012566137566137565 0.22457837301587302 0.02513227513227513 0.037698412698412696
0 0.2924933862433862 0.7878224206349206 0.03571428571428571 0.03298611111111111
1 0.04117063492063492 0.6889880952380952 0.08234126984126984 0.12946428571428573