0 0.990244708994709 0.2993551587301587 0.018849206349206348 0.043154761904761904
0 0.7210648148148148 0.3265128968253968 0.08167989417989419 0.04290674603174603
0 0.4341931216931217 0.32800099206349204 0.07671957671957672 0.043402777777777776
0 0.32407407407407407 0.32837301587301587 0.05489417989417989 0.03422619047619048
0 0.2561177248677249 0.3287450396825397 0.10747354497354497 0.0845734126984127
0 0.8530092592592593 0.33196924603174605 0.05919312169312169 0.04092261904761905
0 0.3837632275132275 0.37214781746031744 0.05191798941798942 0.027529761904761904
0 0.5405092592592593 0.37648809523809523 0.10416666666666667 0.07093253968253968
0 0.9227843915343915 0.37996031746031744 0.08498677248677249 0.12003968253968254
0 0.8166335978835979 0.3834325396825397 0.07771164021164022 0.047619047619047616
0 0.20552248677248677 0.41195436507936506 0.07903439153439154 0.05257936507936508
0 0.2648809523809524 0.5043402777777778 0.02943121693121693 0.024553571428571428
0 0.4965277777777778 0.5037202380952381 0.036044973544973546 0.030257936507936508
0 0.9327050264550265 0.511780753968254 0.0419973544973545 0.04389880952380952
0 0.7804232804232805 0.5416666666666666 0.031746031746031744 0.021825396825396824
0 0.5491071428571429 0.5411706349206349 0.04927248677248677 0.034970238095238096
0 0.44345238095238093 0.6340525793650794 0.07539682539682539 0.057787698412698416
0 0.9755291005291006 0.6728670634920635 0.03505291005291005 0.02628968253968254
0 0.5545634920634921 0.6748511904761905 0.05919312169312169 0.028769841269841268
0 0.8877314814814815 0.7106894841269841 0.03207671957671958 0.01984126984126984
0 0.7243716931216931 0.7141617063492064 0.05853174603174603 0.03695436507936508
0 0.3819444444444444 0.7188740079365079 0.05886243386243386 0.03695436507936508
0 0.14682539682539683 0.7258184523809523 0.027777777777777776 0.01984126984126984
0 0.6674933862433863 0.7462797619047619 0.07275132275132275 0.0496031746031746
0 0.8210978835978836 0.7491319444444444 0.08333333333333333 0.037450396825396824
0 0.9221230158730159 0.7497519841269841 0.02414021164021164 0.01636904761904762
0 0.4618055555555556 0.7585565476190477 0.022486772486772486 0.01314484126984127
0 0.26769179894179895 0.7645089285714286 0.028108465608465607 0.016121031746031748
0 0.5013227513227513 0.7580605158730159 0.022156084656084655 0.019345238095238096
0 0.8015873015873016 0.33283730158730157 0.011904761904761904 0.016617063492063492
0 0.7915013227513228 0.32824900793650796 0.016865079365079364 0.02132936507936508
0 0.7458664021164021 0.4000496031746032 0.05357142857142857 0.0679563492063492
1 0.7581018518518519 0.34759424603174605 0.2347883597883598 0.23561507936507936