0 0.07506613756613757 0.2543402777777778 0.05720899470899471 0.042162698412698416
0 0.5309193121693122 0.2720734126984127 0.045965608465608467 0.028273809523809524
0 0.6944444444444444 0.2785218253968254 0.017857142857142856 0.018849206349206348
0 0.025297619047619048 0.27839781746031744 0.026124338624338623 0.037450396825396824
0 0.738260582010582 0.27976190476190477 0.040013227513227514 0.02976190476190476
0 0.6853505291005291 0.28447420634920634 0.012896825396825396 0.020833333333333332
0 0.14153439153439154 0.02914186507936508 0.03835978835978836 0.035962301587301584
0 0.947255291005291 0.3107638888888889 0.08167989417989419 0.06398809523809523
0 0.09209656084656084 0.3178323412698413 0.06316137566137567 0.06274801587301587
0 0.34953703703703703 0.3288690476190476 0.04298941798941799 0.028769841269841268
0 0.7900132275132276 0.3351934523809524 0.0787037037037037 0.06919642857142858
0 0.44312169312169314 0.3396577380952381 0.031084656084656083 0.026537698412698412
0 0.12103174603174603 0.3499503968253968 0.06944444444444445 0.05654761904761905
0 0.010085978835978835 0.3607390873015873 0.02017195767195767 0.040426587301587304
0 0.5547288359788359 0.3804563492063492 0.060515873015873016 0.10813492063492064
0 0.1962632275132275 0.38752480158730157 0.05125661375661376 0.031994047619047616
0 0.968584656084656 0.40302579365079366 0.062169312169312166 0.06944444444444445
0 0.8283730158730159 0.42001488095238093 0.011574074074074073 0.009176587301587302
0 0.6741071428571429 0.4314236111111111 0.054563492063492064 0.040426587301587304
0 0.4470899470899471 0.44345238095238093 0.022486772486772486 0.017361111111111112
0 0.30968915343915343 0.4623015873015873 0.04398148148148148 0.028769841269841268
0 0.5849867724867724 0.46825396825396826 0.046957671957671955 0.037698412698412696
0 0.1974206349206349 0.46887400793650796 0.0539021164021164 0.0339781746031746
0 0.8454034391534392 0.4712301587301587 0.00958994708994709 0.00744047619047619
0 0.8148148148148148 0.47346230158730157 0.04398148148148148 0.08779761904761904
0 0.6712962962962963 0.4728422619047619 0.06018518518518518 0.03943452380952381
0 0.4495701058201058 0.4775545634920635 0.027447089947089946 0.0220734126984127
0 0.9507275132275133 0.482390873015873 0.021825396825396824 0.018849206349206348
0 0.2541335978835979 0.5114087301587301 0.044642857142857144 0.030257936507936508
0 0.02132936507936508 0.5496031746031746 0.04265873015873016 0.060515873015873016
0 0.5076058201058201 0.5823412698412699 0.09788359788359788 0.09077380952380952
0 0.3645833333333333 0.5908978174603174 0.06316137566137567 0.057291666666666664
0 0.22668650793650794 0.6070188492063492 0.02943121693121693 0.015625
0 0.2551256613756614 0.6378968253968254 0.05886243386243386 0.04836309523809524
0 0.019675925925925927 0.6409970238095238 0.03935185185185185 0.053323412698412696
0 0.968915343915344 0.6454613095238095 0.061507936507936505 0.037450396825396824
0 0.7127976190476191 0.6496775793650794 0.022156084656084655 0.019593253968253968
0 0.593915343915344 0.6980406746031746 0.00992063492063492 0.015376984126984126
0 0.7787698412698413 0.7115575396825397 0.06812169312169312 0.05505952380952381
0 0.87119708994709 0.7485119047619048 0.07043650793650794 0.04811507936507937
0 0.9833002645502645 0.7838541666666666 0.0333994708994709 0.024305555555555556
0 0.8913690476190477 0.791046626984127 0.045965608465608467 0.040426587301587304
0 0.5056216931216931 0.8200644841269841 0.022817460317460316 0.024057539682539684
0 0.19460978835978837 0.8752480158730159 0.054563492063492064 0.04365079365079365
0 0.3158068783068783 0.9035218253968254 0.06878306878306878 0.05406746031746032
0 0.14136904761904762 0.0951140873015873 0.021494708994708994 0.017609126984126984
0 0.3771494708994709 0.10168650793650794 0.045304232804232805 0.023809523809523808
0 0.7027116402116402 0.10553075396825397 0.05555555555555555 0.041914682539682536
0 0.47883597883597884 0.11197916666666667 0.041666666666666664 0.05828373015873016
0 0.5818452380952381 0.11396329365079365 0.00033068783068783067 0.000248015873015873
0 0.9419642857142857 0.12041170634920635 0.027447089947089946 0.023561507936507936
0 0.6000330687830688 0.1263640873015873 0.03207671957671958 0.024553571428571428
0 0.1917989417989418 0.1409970238095238 0.041005291005291 0.027529761904761904
0 0.40625 0.1449652777777778 0.05125661375661376 0.045882936507936505
0 0.6828703703703703 0.15860615079365079 0.036375661375661374 0.022569444444444444
0 0.84375 0.16741071428571427 0.10416666666666667 0.07886904761904762
0 0.953042328042328 0.16951884920634921 0.037698412698412696 0.02554563492063492
0 0.2976190476190476 0.18762400793650794 0.03042328042328042 0.034970238095238096
0 0.19229497354497355 0.2113095238095238 0.0419973544973545 0.025297619047619048
0 0.5221560846560847 0.21155753968253968 0.042328042328042326 0.029265873015873016
0 0.7705026455026455 0.22036210317460317 0.037037037037037035 0.024553571428571428
0 0.642691798941799 0.22135416666666666 0.08564814814814815 0.06969246031746032
0 0.9627976190476191 0.22532242063492064 0.03869047619047619 0.02554563492063492
0 0.38591269841269843 0.2390873015873016 0.08134920634920635 0.05357142857142857
1 0.09606481481481481 0.2962549603174603 0.19212962962962962 0.3392857142857143
0 0.45419973544973546 0.12611607142857142 0.021825396825396824 0.03273809523809524
1 0.39732142857142855 0.12239583333333333 0.20535714285714285 0.17435515873015872
1 0.9282407407407407 0.4714781746031746 0.14252645502645503 0.058779761904761904
1 0.8670634920634921 0.4565972222222222 0.09821428571428571 0.09275793650793651
1 0.7893518518518519 0.5756448412698413 0.32043650793650796 0.09697420634920635
1 0.5380291005291006 0.7502480158730159 0.14814814814814814 0.34350198412698413
1 0.3837632275132275 0.7508680555555556 0.0958994708994709 0.1440972222222222
1 0.22850529100529102 0.5946180555555556 0.2347883597883598 0.05381944444444445
1 0.05572089947089947 0.7827380952380952 0.11144179894179894 0.1453373015873016