0 0.8138227513227513 0.2743055555555556 0.04828042328042328 0.03373015873015873
0 0.6534391534391535 0.27728174603174605 0.051587301587301584 0.040674603174603176
0 0.5593584656084656 0.29216269841269843 0.08564814814814815 0.07738095238095238
0 0.32787698412698413 0.3118799603174603 0.06514550264550265 0.03993055555555555
0 0.7523148148148148 0.32080853174603174 0.0787037037037037 0.06076388888888889
0 0.9138558201058201 0.322296626984127 0.04662698412698413 0.03794642857142857
0 0.17592592592592593 0.33308531746031744 0.03373015873015873 0.01984126984126984
0 0.9884259259259259 0.36396329365079366 0.022486772486772486 0.028521825396825396
0 0.3192791005291005 0.3845486111111111 0.1259920634920635 0.12276785714285714
0 0.09375 0.3878968253968254 0.07043650793650794 0.05853174603174603
0 0.5085978835978836 0.3939732142857143 0.041666666666666664 0.034970238095238096
0 0.9001322751322751 0.4045138888888889 0.059854497354497355 0.03149801587301587
0 0.8239087301587301 0.4193948412698413 0.06018518518518518 0.036458333333333336
0 0.2466931216931217 0.4210069444444444 0.02976190476190476 0.020089285714285716
0 0.7653769841269841 0.47023809523809523 0.03869047619047619 0.0248015873015873
0 0.5863095238095238 0.47085813492063494 0.1078042328042328 0.0642361111111111
0 0.65625 0.04799107142857143 0.09027777777777778 0.054811507936507936
0 0.6964285714285714 0.4851190476190476 0.03373015873015873 0.029265873015873016
0 0.13690476190476192 0.5079365079365079 0.09325396825396826 0.05580357142857143
0 0.6704695767195767 0.5152529761904762 0.0248015873015873 0.01066468253968254
0 0.23412698412698413 0.5308779761904762 0.03306878306878307 0.020089285714285716
0 0.37351190476190477 0.5574156746031746 0.13988095238095238 0.11631944444444445
0 0.28703703703703703 0.5642361111111112 0.031746031746031744 0.017361111111111112
0 0.9305555555555556 0.5685763888888888 0.13822751322751323 0.10639880952380952
0 0.6235119047619048 0.5708085317460317 0.022817460317460316 0.016617063492063492
0 0.21081349206349206 0.5751488095238095 0.052248677248677246 0.02976190476190476
0 0.7230489417989417 0.5776289682539683 0.11474867724867725 0.08333333333333333
0 0.48826058201058203 0.5806051587301587 0.04662698412698413 0.04513888888888889
0 0.796957671957672 0.6118551587301587 0.02976190476190476 0.01984126984126984
0 0.5633267195767195 0.6176835317460317 0.018187830687830687 0.009672619047619048
0 0.19196428571428573 0.6285962301587301 0.03009259259259259 0.016865079365079364
0 0.6527777777777778 0.6284722222222222 0.06018518518518518 0.03819444444444445
0 0.4383267195767196 0.6463293650793651 0.05588624338624339 0.030257936507936508
0 0.7313161375661376 0.6612103174603174 0.03869047619047619 0.025793650793650792
0 0.5600198412698413 0.6623263888888888 0.018187830687830687 0.012648809523809524
0 0.7880291005291006 0.6649305555555556 0.056216931216931214 0.042162698412698416
0 0.3814484126984127 0.6662946428571429 0.06646825396825397 0.03993055555555555
0 0.2131283068783069 0.6887400793650794 0.06779100529100529 0.05282738095238095
0 0.5497685185185185 0.7017609126984127 0.018518518518518517 0.012648809523809524
0 0.2934854497354497 0.7041170634920635 0.027447089947089946 0.01636904761904762
0 0.16732804232804233 0.07068452380952381 0.20833333333333334 0.1284722222222222
0 0.35284391534391535 0.7192460317460317 0.027116402116402115 0.016865079365079364
0 0.8161375661375662 0.7266865079365079 0.04298941798941799 0.025297619047619048
0 0.40327380952380953 0.7333829365079365 0.10681216931216932 0.06001984126984127
0 0.14963624338624337 0.7372271825396826 0.027447089947089946 0.015625
0 0.8660714285714286 0.7542162698412699 0.023809523809523808 0.017361111111111112
0 0.05109126984126984 0.7542162698412699 0.10218253968253968 0.07093253968253968
0 0.749834656084656 0.7651289682539683 0.05257936507936508 0.026785714285714284
0 0.27728174603174605 0.7655009920634921 0.03141534391534392 0.016617063492063492
0 0.2197420634920635 0.7719494047619048 0.017526455026455025 0.010416666666666666
0 0.46709656084656087 0.8036954365079365 0.02414021164021164 0.01711309523809524
0 0.26339285714285715 0.8031994047619048 0.08167989417989419 0.050347222222222224
0 0.11805555555555555 0.808531746031746 0.06944444444444445 0.044890873015873016
0 0.5993716931216931 0.8141121031746031 0.04497354497354497 0.04092261904761905
0 0.8285383597883598 0.0818452380952381 0.15244708994708994 0.10962301587301587
0 0.8589616402116402 0.8229166666666666 0.017526455026455025 0.012896825396825396
0 0.16236772486772486 0.8746279761904762 0.026455026455026454 0.024057539682539684
0 0.49636243386243384 0.8812003968253969 0.03869047619047619 0.024553571428571428
0 0.7581018518518519 0.8877728174603174 0.03736772486772487 0.031994047619047616
0 0.5405092592592593 0.9213789682539683 0.04398148148148148 0.03943452380952381
0 0.8029100529100529 0.9513888888888888 0.037698412698412696 0.025297619047619048
0 0.3315145502645503 0.10577876984126984 0.060515873015873016 0.03794642857142857
0 0.9284060846560847 0.13566468253968253 0.06117724867724868 0.039186507936507936
0 0.746031746031746 0.1437251984126984 0.11871693121693122 0.08010912698412699
0 0.10714285714285714 0.1558779761904762 0.09325396825396826 0.07465277777777778
0 0.2804232804232804 0.1762152777777778 0.0992063492063492 0.05381944444444445
0 0.03091931216931217 0.18588789682539683 0.06183862433862434 0.07762896825396826
0 0.8806216931216931 0.2003968253968254 0.04894179894179894 0.029513888888888888
0 0.49933862433862436 0.20510912698412698 0.09986772486772487 0.1111111111111111
0 0.9659391534391535 0.20709325396825398 0.0582010582010582 0.042162698412698416
0 0.3878968253968254 0.20845734126984128 0.06084656084656084 0.03794642857142857
0 0.1302910052910053 0.24330357142857142 0.03571428571428571 0.02628968253968254
1 0.018683862433862435 0.5334821428571429 0.03736772486772487 0.16121031746031747
0 0.6565806878306878 0.8112599206349206 0.03009259259259259 0.025049603174603176
0 0.9490740740740741 0.7145337301587301 0.0248015873015873 0.012152777777777778
0 0.9340277777777778 0.6667906746031746 0.02414021164021164 0.012152777777777778
0 0.9813161375661376 0.7337549603174603 0.03736772486772487 0.060267857142857144
0 0.9829695767195767 0.8572668650793651 0.03406084656084656 0.036458333333333336
1 0.7334656084656085 0.8828125 0.12962962962962962 0.08581349206349206
0 0.6754298941798942 0.6592261904761905 0.015542328042328041 0.011160714285714286
0 0.8505291005291006 0.5434027777777778 0.016865079365079364 0.008680555555555556
0 0.748181216931217 0.503968253968254 0.01951058201058201 0.01240079365079365
0 0.9912367724867724 0.2906746031746032 0.017526455026455025 0.028273809523809524
1 0.9849537037037037 0.1281001984126984 0.03009259259259259 0.044890873015873016
0 0.2524801587301587 0.6736111111111112 0.016203703703703703 0.012152777777777778
1 0.7442129629629629 0.4836309523809524 0.23412698412698413 0.07589285714285714